[None, array([[ 0.62597707, -0.32640476,  0.7015337 , ...,  0.66915999,
         0.64679348,  0.54880595],
       [-0.45364225, -0.21485416, -0.05956689, ..., -0.77763026,
         0.32918324, -0.86678761],
       [-0.27690103, -0.33328888, -0.55562498, ...,  0.85822528,
        -0.34449645,  0.47123731],
       ...,
       [-0.913919  ,  0.73290281, -0.2826162 , ..., -0.57075923,
        -0.77014505,  0.86508654],
       [-0.53030216, -0.43879423,  0.39885774, ..., -0.19983487,
        -0.57900267, -0.57650423],
       [ 0.95257625,  0.58892289, -0.69992078, ..., -0.86361484,
        -0.45919127, -0.79012599]]), array([[ 0.6366403 ,  0.95810939, -0.5284633 , ...,  0.98767277,
         0.19420229,  0.01649999],
       [ 0.13985318,  0.64373588,  0.544283  , ...,  0.20259762,
         0.79174885,  0.17587807],
       [ 0.84976507,  0.70655391, -1.35043593, ..., -0.85801604,
         0.64612316, -0.40684547],
       ...,
       [ 0.1370228 , -0.9774139 ,  1.41461273, ..., -0.04019594,
        -0.3733896 , -0.11397443],
       [-0.18632148, -0.04695473, -0.72534257, ..., -1.18275562,
         0.4671252 , -0.45172048],
       [ 0.89462202,  0.86405458,  0.25534241, ..., -0.06352002,
        -0.56045775,  0.54539147]]), array([[ 2.97012159e-01,  2.25037826e-01, -1.47555090e-01,
         8.78717196e-01, -1.45498348e+00,  1.92120978e+00,
        -1.63148988e+00,  1.32233619e+00, -2.36724784e+00,
        -1.41623917e+00],
       [-4.14026672e-01,  7.81912398e-01, -1.19029054e+00,
         6.15296233e-01, -1.20703351e-01,  3.64986716e-01,
        -1.08089119e+00, -1.02170369e+00, -7.42880629e-01,
        -2.42117372e-01],
       [ 7.13425265e-01, -5.02073783e-01,  2.16241301e-01,
        -1.71657515e+00,  2.91279261e-01,  1.44578942e+00,
        -8.64353425e-01, -2.52386417e-01,  7.04707148e-01,
        -6.93851043e-01],
       [-9.62849435e-01, -1.14019492e+00, -4.27407219e-01,
        -1.15350015e+00,  1.51683723e+00, -2.03034329e+00,
        -1.39077467e+00,  1.79782107e+00, -9.97529367e-01,
        -2.16913025e-01],
       [-2.57853605e-01,  7.17937121e-01,  2.21562696e-01,
        -4.46558219e-01,  2.21648462e-01, -2.44836822e-01,
         3.27776624e-01,  6.46406452e-02,  7.72881341e-01,
         3.42108307e-01],
       [-8.07006146e-01,  1.85368890e-01,  2.60867859e-01,
        -7.97441629e-01, -2.64063937e-01,  4.61076432e-01,
        -4.27486970e-04,  8.83761481e-01,  4.24843244e-01,
         4.69117533e-01],
       [-1.61718487e+00,  5.64336169e-02, -1.77722322e-01,
        -9.94022538e-01, -9.02748021e-01,  5.23771174e-01,
         1.54162304e+00, -1.18710465e+00,  2.48335386e-01,
         5.47091815e-01],
       [ 6.80986497e-02,  5.61216056e-01, -2.40369278e+00,
         1.06662141e+00,  4.95254193e-01, -6.57960359e-01,
         5.39101522e-01, -1.66487177e+00,  1.55489728e+00,
         9.58560603e-01],
       [ 4.44104547e-03,  1.90495765e-01,  1.59972785e+00,
        -1.04309496e+00,  9.51401968e-01, -1.38395345e+00,
         7.73303680e-03, -1.43092077e+00, -8.29440063e-01,
         2.16808425e-01],
       [ 3.87667341e-01, -9.30467559e-01,  1.57080053e+00,
        -1.55850957e+00,  6.49427381e-01, -6.74630288e-01,
         6.70644763e-01, -7.74944057e-01,  4.88560573e-01,
        -5.08403552e-01],
       [-2.55072359e-01, -1.30983694e-01,  3.21983249e-01,
        -3.89766344e-01, -5.85170418e-01,  3.47780621e-01,
         6.93723400e-01,  5.02862604e-01,  8.42830107e-01,
         6.55862689e-01],
       [ 8.77557778e-01, -1.03615030e+00, -8.26603326e-01,
        -1.75356310e+00, -8.90989133e-01,  1.41629173e+00,
         6.18645005e-01,  6.93286151e-01, -1.55191261e+00,
        -5.76364775e-02],
       [-2.36530534e-01, -1.02250949e+00, -1.05816563e+00,
        -7.33002336e-01, -5.84300975e-01, -1.13493404e+00,
         1.85504988e-01,  4.40577710e-01, -1.87773764e-01,
        -5.45896029e-01],
       [ 1.46430029e+00,  6.58007966e-01, -1.44521234e+00,
         4.39200496e-01, -5.92032090e-01, -1.64668762e+00,
         1.46676957e+00, -2.82051101e-01, -4.47701214e-01,
         5.95593132e-01],
       [-7.24890348e-01,  8.91667540e-01, -2.79253630e-01,
        -2.18451336e-01,  6.23695701e-01,  3.07016950e-02,
         3.76594484e-01, -9.34546664e-01, -6.04425398e-01,
         8.92683569e-01],
       [-9.52222027e-01,  1.44895074e-01, -5.27381019e-01,
        -7.60442005e-01, -1.93662252e+00, -1.16239565e+00,
        -9.49908880e-01,  1.34493103e+00, -8.32662566e-01,
         1.85388267e+00],
       [ 3.81448657e-02, -1.27250086e+00,  1.09083333e-01,
        -9.73330812e-01,  6.77086620e-01,  1.27259447e-01,
         1.55841435e-01, -5.24975193e-01, -7.13578579e-01,
         2.18442858e-02],
       [ 1.44174060e+00, -1.13263215e+00,  1.15235498e+00,
         9.62453531e-01, -1.31467197e+00, -1.73577363e+00,
         1.21864957e+00, -1.78034638e+00, -1.38909212e+00,
        -1.54250369e-01],
       [ 4.38177972e-01, -2.15968392e-02,  2.01541276e+00,
        -1.34296847e+00, -1.25275346e+00, -1.03566804e+00,
         1.35779337e+00, -1.55337318e+00,  1.35397372e+00,
        -6.09064597e-01],
       [-1.40015278e+00, -1.72614745e+00,  7.78308998e-03,
        -5.34061627e-01,  1.68535072e+00, -1.54935637e+00,
         1.72625043e+00,  1.42269693e+00, -1.03172277e+00,
        -1.39952606e+00],
       [-1.16386782e+00,  1.87746102e+00,  4.14475995e-01,
        -1.80274422e+00, -6.54402610e-01,  1.80397610e-01,
         1.33156478e-01,  1.10874375e+00, -1.59185569e+00,
        -6.04340718e-01],
       [-1.89125053e+00,  1.16872773e+00,  7.40990369e-01,
         6.47194480e-01, -6.19278370e-01, -3.04174087e-01,
        -1.29129319e+00, -1.83385956e+00, -9.51558031e-01,
        -1.04171532e+00],
       [-2.38277311e-01,  4.12810014e-01, -1.46329889e+00,
         6.71190845e-01, -1.36023180e+00,  7.36202072e-01,
         3.50142382e-02,  1.64535892e-01,  4.59737155e-01,
        -9.76483132e-03],
       [-2.08530212e-01,  2.30075446e-01, -1.23588560e+00,
        -5.71872452e-01, -1.00864431e+00, -2.72760239e-01,
         5.91495970e-01, -1.36544696e-01,  6.42006717e-01,
         7.88066492e-01],
       [ 1.18861307e+00,  2.15105073e-01, -6.53613123e-01,
        -1.24388924e+00, -3.55827447e-01, -1.85601078e+00,
        -6.39123256e-02, -3.53483923e-01,  1.17999961e+00,
        -3.64399469e-01],
       [-8.47294351e-01,  5.95897288e-01, -3.55739893e-01,
         1.80601920e+00, -4.95065811e-01, -6.59604701e-01,
        -1.37016217e+00,  3.23703751e-01,  1.06091014e+00,
        -1.65635483e+00],
       [ 3.08129343e-01,  2.17170465e+00, -2.37457550e-01,
        -1.02261243e+00,  4.78091017e-01, -9.56382921e-01,
        -8.68875785e-01, -1.00550519e+00, -1.18605183e+00,
         1.82631219e+00],
       [ 6.47970356e-01,  1.12092271e+00, -1.51741107e+00,
        -8.42749379e-01, -1.13786301e+00,  1.37573891e+00,
        -7.47061934e-01, -5.83368539e-01, -9.77789578e-01,
        -4.36799195e-01],
       [-1.09381108e+00, -7.23716712e-01,  2.84290593e-01,
        -1.19155781e-01,  5.69087763e-01,  8.87671127e-01,
        -6.58991174e-01, -5.02815579e-02, -3.68426519e-01,
        -4.71958158e-01],
       [ 2.18677970e-01,  7.14095332e-02,  2.36244824e-01,
         3.11244878e-01,  2.67027760e-01, -5.20780198e-01,
        -1.89175340e-01, -3.78238116e-01,  1.94741218e-01,
        -4.60301993e-01],
       [-1.00630210e+00,  4.53378805e-01, -1.14354441e+00,
        -1.01074852e+00, -2.93964901e-01,  6.46331666e-01,
         1.04749599e-01, -2.06019093e-01,  1.01311114e+00,
        -9.12736976e-01],
       [-4.95989832e-01, -3.01079514e-01,  6.87526600e-01,
         6.85844327e-02, -1.07078049e+00,  9.21220255e-01,
        -1.88754094e+00,  1.22980517e+00, -1.01580239e-01,
        -2.15026009e+00],
       [ 4.45200780e-01, -1.52849973e+00, -8.32729165e-01,
        -1.67956668e+00, -3.33025845e-01,  1.18876781e+00,
         1.50257801e+00, -8.78517396e-01,  4.39255862e-01,
         1.10506035e+00],
       [-4.74230551e-01, -2.91230481e-01, -1.61178535e-01,
        -3.31519023e-01,  9.85072803e-01,  6.55134652e-01,
         4.78540406e-01, -9.30059715e-01, -6.99047549e-01,
        -1.10565320e+00],
       [-6.64868649e-01,  9.05704317e-01,  2.02467250e-03,
        -4.87024257e-01,  6.87918229e-01,  7.25945812e-01,
         7.10420784e-01,  6.25727761e-02,  2.99807114e-01,
        -6.39677294e-01],
       [-7.07369220e-01, -8.23630882e-01, -3.88755266e-01,
        -8.56741994e-01, -3.07249603e-01,  1.85888464e-01,
        -1.09205045e+00,  1.41818212e+00, -8.76895969e-02,
        -1.66847750e-01],
       [-8.56218545e-01,  1.70680975e+00,  1.18982488e+00,
        -1.75829836e+00, -1.58091308e+00, -9.71254118e-01,
         1.57039819e+00, -8.81788362e-01, -2.87621417e-01,
        -1.20733730e+00],
       [-1.00592101e+00,  7.90546924e-01, -3.26380829e-01,
         6.44076297e-01,  3.75289910e-01, -3.23994148e-01,
        -2.43052745e-01,  1.03630176e+00, -2.00296013e-01,
         8.51910546e-02],
       [-3.84058504e-01,  8.62419474e-01,  7.68975381e-01,
         1.61303035e-01,  3.58085427e-01, -9.25336123e-01,
        -1.31470319e-01, -5.58033156e-01,  4.15958269e-01,
        -1.46906379e-01],
       [ 3.12611023e-01, -6.09418101e-01, -8.06418637e-01,
         4.22560690e-01, -1.21030521e+00, -1.19420753e+00,
        -8.16876133e-01, -5.46090326e-01,  5.73973420e-01,
         2.29998941e-01],
       [-1.80334462e+00,  9.30463576e-01,  1.54982870e+00,
         1.97878212e+00, -7.98244809e-01, -7.65258940e-01,
        -4.98373465e-01,  3.99289037e-01, -5.80646168e-01,
        -1.24772466e+00],
       [-1.07992039e-01,  7.06892110e-01,  6.08246390e-01,
         5.10646891e-01, -2.98692921e-01,  6.26495823e-01,
        -3.49608964e-02,  6.82086958e-01, -9.27069928e-01,
         3.96192294e-01],
       [ 8.17674560e-01,  8.38513680e-01, -1.87694423e+00,
         6.99288775e-01, -9.55879089e-01,  4.35988648e-01,
         3.48580978e-01,  1.21295059e-01, -2.06929816e+00,
        -8.55313730e-01],
       [ 1.75553891e+00, -6.25233637e-01, -1.33335298e+00,
        -1.48975860e+00,  1.91201772e+00, -6.92972830e-01,
        -1.70962641e+00,  5.22912439e-01, -2.16926172e+00,
         8.66210680e-01],
       [-3.76542767e-01,  5.13310994e-01, -3.07269925e-01,
        -3.14196430e-01, -7.55383125e-01, -8.89568713e-01,
        -5.42537977e-01, -1.27467739e+00, -1.74448929e+00,
        -9.11460146e-01],
       [-8.51880565e-01, -1.06594033e+00,  1.40447365e+00,
         3.92000148e-02, -2.38006783e-01, -9.16516159e-01,
        -1.48348211e+00, -3.82343971e-01, -1.03529934e+00,
         1.23343684e+00],
       [ 5.08901085e-01,  1.48334505e-02, -2.39631928e-01,
        -5.82709791e-02, -5.26587675e-02, -3.39083801e-01,
        -7.82316380e-01,  2.53413262e-01, -6.84512124e-01,
         3.35450845e-02],
       [ 2.02129381e-01,  7.15902215e-01,  2.32492607e-01,
        -4.50560446e-01, -7.57486782e-01, -2.76231718e-01,
        -2.96959751e-01, -4.10265333e-01, -4.58841277e-01,
        -5.30698988e-01],
       [-2.68843553e-01, -1.09674732e-01,  2.15825775e-01,
        -3.31565109e-01, -4.64528161e-01, -2.59087180e-01,
         1.06386022e-01, -9.51176015e-01, -6.19686702e-02,
         5.58921775e-02],
       [-5.86108307e-01, -1.13204394e+00,  1.25760924e+00,
        -6.92714279e-01, -1.01869001e+00,  2.66447299e-01,
         5.04335037e-01, -2.34630099e-01, -8.29534400e-01,
        -3.87938323e-01],
       [-9.11803867e-01, -1.05902794e+00, -1.03346776e+00,
        -2.85866897e-01, -1.17813385e-01,  6.74124184e-02,
        -4.34162475e-01, -4.58197086e-01, -1.03689630e+00,
        -9.07210134e-01],
       [-7.56820361e-01,  9.34440100e-02, -3.29203293e-01,
        -7.02884669e-01, -4.92940587e-01, -6.35179729e-01,
         2.73480511e-01,  1.15350887e+00,  1.91083979e-01,
        -1.55768678e+00],
       [-3.80851475e-02,  2.14365127e-01,  1.41710557e+00,
        -4.70987166e-01, -9.97166414e-01, -8.29506251e-01,
        -1.15495690e+00, -4.53164804e-01, -4.68450899e-01,
        -1.52707226e+00],
       [ 8.66527452e-01,  1.21080029e-01,  9.19537772e-02,
         1.13421823e-01, -7.38615867e-02,  3.38987820e-01,
         3.08076901e-01,  8.68244040e-02,  3.23524783e-01,
        -6.86490310e-01],
       [-1.19362636e+00, -4.92710843e-01, -7.79698053e-01,
        -1.21286926e+00,  8.69591529e-01, -1.46451102e+00,
         1.10046908e+00, -1.15795819e+00,  5.91415001e-01,
         1.08191789e+00],
       [-2.81861457e-01, -7.49960921e-01, -1.64972261e+00,
         1.46198895e+00,  4.92404456e-01,  3.54327715e-01,
        -8.37222635e-01, -4.56310543e-01,  3.03065518e-01,
         1.27420892e-01],
       [-1.26763078e+00,  7.90981913e-01,  2.57719306e-01,
         1.15653385e+00,  1.53063059e+00,  8.73834046e-01,
         1.43410996e-01, -1.08640046e+00,  2.10732966e-01,
        -2.72807780e+00],
       [-5.08227318e-01, -9.65215864e-01, -3.06998698e-01,
        -1.49347458e+00, -9.30124032e-01,  2.46692440e+00,
        -3.68244579e-01, -4.41488736e-03, -1.63791799e+00,
         7.71662773e-01],
       [ 7.54998103e-01, -2.82300023e-01,  5.96465423e-01,
        -7.24738247e-01,  4.04518780e-02, -7.12646901e-01,
         3.83734374e-03,  5.99178501e-01,  3.48477414e-02,
        -1.04092819e-02],
       [-4.80249858e-01,  6.53560063e-01,  9.36400195e-01,
         8.05123861e-01,  7.35178943e-02,  7.72973616e-01,
         6.40311827e-01,  4.71871037e-01, -4.03357872e-01,
         6.09054992e-01],
       [-1.25336102e+00,  9.63435366e-02, -4.22764646e-01,
        -1.28994857e+00, -1.59237586e-01, -7.67428985e-01,
         2.48730108e-01,  9.51918886e-01,  1.03885365e+00,
        -5.42024999e-01],
       [ 6.14329141e-01, -1.18989501e+00, -1.26006217e+00,
         1.02269688e+00, -9.02162429e-02,  6.29750182e-01,
         5.33037562e-01, -4.61968465e-01,  1.26798574e-01,
         1.61931314e-02],
       [-8.85659574e-01,  5.06590034e-01, -2.98812075e-01,
        -3.04931456e-02, -9.35318424e-01, -2.08794010e-01,
        -4.53334568e-01, -2.41008997e-01, -1.97694809e-01,
         2.69293022e-01],
       [-1.18776566e-01,  1.61446056e-01,  2.27295181e-01,
         4.31807136e-01, -7.68421908e-01,  8.96567123e-01,
        -9.27353210e-01,  1.43715433e-01,  8.22479365e-01,
        -5.36608570e-01],
       [-4.38555420e-01, -9.43067375e-01, -3.52184349e-01,
        -2.95842671e-01,  1.64624542e-02, -4.05913419e-02,
        -4.78602631e-01,  6.96306555e-01, -5.82930519e-01,
        -6.16782733e-01],
       [-1.44792829e+00, -1.34748024e+00, -7.92451008e-01,
        -6.81414549e-01,  3.43896421e-01, -8.49668159e-01,
        -8.33308542e-01,  1.86208268e-01, -1.00678278e+00,
        -8.13393101e-01],
       [-4.68464123e-01,  4.57916819e-01, -6.66220952e-02,
         5.07955838e-01,  6.57534455e-01, -6.93020989e-01,
        -1.04508258e+00, -7.62726000e-01, -9.10982640e-01,
        -5.27024950e-01],
       [ 8.70628331e-01, -1.32775324e+00,  3.28136283e-01,
         2.24838059e-02, -9.93432076e-01, -2.56621834e-01,
        -8.74169608e-01, -4.76617760e-01, -1.08303481e+00,
         1.39321798e+00],
       [-2.54414947e+00,  6.51752758e-01, -5.80526343e-01,
        -9.66958118e-01,  7.03497653e-01,  1.57677904e+00,
         7.89375492e-01, -1.31280021e-01,  3.35731360e-01,
         8.67049712e-01],
       [ 2.53550623e-01,  8.85701476e-01, -2.35755160e-01,
         6.21487156e-01,  2.08066933e-02, -1.30573577e-01,
         4.58639873e-01, -4.11519290e-01, -1.24990709e+00,
        -1.72118055e+00],
       [ 1.36215899e-01,  1.97927576e-02, -8.15500956e-01,
        -3.96325215e-01,  6.37254640e-01, -4.23559358e-02,
        -1.05315435e+00,  5.15581024e-01, -7.44778714e-01,
        -4.15775023e-01],
       [ 5.87857194e-01,  2.15392657e-02,  3.01650826e-01,
        -1.31154641e+00,  9.36869991e-01, -4.86182775e-01,
         1.02435194e+00, -7.50135807e-01, -1.01730546e+00,
        -6.26711177e-01],
       [-1.52729295e+00, -6.02288062e-01, -5.55822864e-01,
         3.58099169e-01,  3.97313245e-01,  1.22350333e+00,
         5.93470924e-02,  2.75048924e-01,  1.38951320e-01,
        -5.90945970e-02],
       [-1.01262586e+00,  3.32377987e-02,  9.17472063e-02,
         3.22952580e-01, -5.98890895e-01, -4.25899350e-01,
        -6.30382764e-01,  9.79799421e-01,  6.95026612e-01,
         2.70470578e-01],
       [-1.48660334e+00,  2.62296846e-01, -2.90983593e-01,
         9.66243944e-01,  9.89781349e-01, -2.24488111e+00,
        -1.08843977e+00, -9.66323249e-01,  1.68040969e+00,
         1.56354982e+00],
       [-3.95901124e-01, -1.16323804e+00,  1.91046544e-01,
        -4.47763539e-01,  5.16406283e-01,  1.06433555e-01,
         2.44783957e-01,  1.03303126e+00,  1.30808701e-01,
        -7.13507981e-01],
       [-3.36791265e-01, -5.18535969e-01, -1.04984775e-01,
        -3.81095334e-02,  1.86662053e+00,  8.24029076e-01,
        -1.58281155e+00, -1.69409319e+00, -8.51363013e-01,
         1.90541511e+00],
       [ 1.87227038e-01, -1.63204580e-01, -7.86585534e-01,
        -4.37736672e-01, -8.07494344e-01, -2.17262877e-01,
        -3.93951284e-01,  5.89961837e-01, -1.17801113e-01,
        -5.47849960e-01],
       [-6.59187258e-01, -1.12983663e+00, -8.59498778e-01,
         7.36691937e-01, -8.42011792e-01,  6.74529973e-01,
        -7.76663450e-02, -1.02099669e+00, -4.25699207e-01,
         1.30243322e+00],
       [-6.98845119e-02,  2.88715201e-01, -1.07808124e+00,
        -4.04188710e-01, -4.93011519e-01, -1.91461405e+00,
         3.77554186e-01, -9.70806233e-01,  4.43275321e-01,
        -3.33334823e-01],
       [-9.23082395e-01,  6.78997097e-01,  2.47038002e-01,
        -1.12658346e+00,  1.33670648e-01,  1.36155865e+00,
        -1.38446214e-01, -6.35582232e-01, -1.40693818e+00,
        -6.90382970e-01],
       [ 1.08388654e+00, -1.79479297e+00,  1.39487577e+00,
         1.91011468e-01, -9.79203299e-01,  1.04207461e+00,
        -1.84522738e+00, -1.99965935e+00,  1.97897631e+00,
        -1.09457651e+00],
       [-6.37325087e-01, -6.40093497e-01,  1.10105909e-01,
         1.12472528e+00, -5.79466415e-01, -5.29802319e-01,
         2.43050427e-01,  3.46544036e-01, -1.35376531e+00,
         9.55464105e-01],
       [-7.43472159e-01, -3.78359899e-01, -1.09268790e-01,
         5.55651038e-01, -5.72830835e-01,  5.77783277e-01,
        -1.24258605e+00, -3.69321825e-01,  3.42163640e-01,
        -4.53948890e-01],
       [ 9.46717134e-01, -1.37514863e+00,  1.99021071e-01,
         9.69494657e-01, -1.60597004e+00, -1.39196813e+00,
         4.91030109e-01,  8.16072011e-01, -9.95323054e-01,
         9.34896173e-02],
       [ 7.74758310e-01,  7.53540589e-01, -8.03257837e-01,
         8.41660930e-01,  6.74106021e-01,  4.23204352e-01,
         2.34477253e-01, -5.83656759e-01,  3.20565778e-01,
        -2.81310607e-01],
       [ 2.29256967e-01,  1.26251691e+00, -9.98039129e-01,
        -9.11896700e-01, -5.10734650e-01, -3.34355362e-01,
         2.55463768e-01,  1.19662134e+00, -1.84126675e+00,
        -4.01553697e-01],
       [ 1.34968815e-01,  7.16289010e-01,  4.06648553e-01,
         8.02998365e-01,  1.41818791e+00, -9.16290314e-01,
        -1.74676960e+00, -1.11218795e-01, -2.98243143e-01,
        -7.10947934e-01],
       [ 1.45074963e+00,  3.81768702e-01, -2.60657482e-01,
        -1.52432960e+00, -7.79714691e-01, -1.03574443e+00,
         3.77849612e-01, -7.39891840e-01,  1.39145463e+00,
         1.30013485e-01],
       [-2.19101135e-01, -1.62614149e-02, -7.84983683e-01,
        -1.52056619e+00,  5.99516651e-01, -2.77656435e-01,
         7.29193847e-02, -9.06949514e-02,  8.20340093e-02,
        -1.62661238e-01],
       [ 1.73467596e+00, -4.60913284e-01,  9.80451580e-02,
        -8.30115429e-01,  6.84418002e-01, -5.89171630e-01,
        -3.31190925e-01, -1.54867581e-01, -1.00929674e+00,
        -8.30314643e-02],
       [ 6.19061994e-01, -5.20390340e-01,  1.48782688e+00,
        -9.35794993e-01, -7.74264161e-01, -6.65254306e-01,
        -2.89632069e-01,  3.29609641e-01, -1.20932210e+00,
        -1.36414630e-01],
       [ 3.19221027e-01, -3.56465340e-01,  1.16108320e-02,
        -4.73721468e-01, -1.66367568e-01, -3.25756469e-01,
        -1.15111629e+00, -1.51313906e-01,  1.10849259e+00,
         1.59209147e-01],
       [ 7.05708828e-01,  9.34241948e-01, -2.93148297e-01,
         3.75895148e-02, -3.58718151e-01, -1.06040358e+00,
         1.85544945e-01, -7.88019108e-01,  1.48258536e-01,
         1.26254958e+00],
       [ 4.51193723e-01,  1.60351613e-01, -1.29890676e+00,
         1.08024408e-01, -4.68807973e-01,  2.52994479e-01,
         1.57361038e+00, -2.36515403e-01, -1.83298867e+00,
        -2.48830304e-01],
       [ 1.52146632e-01, -4.89464539e-01, -2.10885015e-01,
         7.14128190e-01, -2.17116005e+00, -9.11330205e-01,
        -1.26575691e+00,  6.01451976e-01,  1.12236769e+00,
         2.58692341e+00],
       [ 7.68341480e-01,  1.67826605e+00, -7.00747406e-01,
        -2.66187004e-01,  4.79627707e-02, -1.04562790e+00,
         5.06509663e-01, -5.80969977e-01, -2.85249956e-01,
         5.18925844e-01],
       [ 9.34518889e-01, -3.83928575e-02,  9.18242001e-01,
         1.53371481e+00, -1.22480098e+00,  7.40272250e-02,
        -1.81415369e+00, -8.09239778e-01,  4.92172083e-01,
        -9.55545952e-01],
       [-1.38994859e+00, -7.35093617e-01,  8.25014525e-01,
         1.76775676e-01, -5.66165818e-01, -8.73448501e-01,
         1.72775865e-01, -6.03363539e-01, -3.79530664e-01,
        -1.57684683e-01],
       [ 1.82518358e-01, -4.98100857e-01, -4.91168770e-01,
        -5.96021318e-01, -7.73384759e-01,  3.39067103e-01,
         4.93926567e-01,  1.75410547e+00, -5.06890962e-01,
        -9.83526342e-01]])][None, array([[ 0.59104644,  0.13727771,  0.23073241, -0.85199646,  0.68545956,
         0.787419  ,  0.91061069, -0.76984844, -0.47363136,  0.7603143 ,
        -0.31322579, -0.47935996, -0.18243426,  0.37312381,  0.92276275,
        -1.12400858, -0.31036886, -0.17192331, -0.26660641, -0.47795434,
         0.5127257 ,  0.60132453, -0.11139693, -0.24147894,  0.81378579,
        -1.00420069,  0.59321725, -0.77481229,  0.24836628,  0.70690872,
        -0.39903665, -0.28844228,  0.55852228,  0.06828271, -0.52403461,
         0.06609921, -0.41578292, -0.2897766 ,  0.11673532,  0.73349332,
         0.66595222, -0.92553179,  0.09093135, -0.28469849,  0.29354893,
        -0.94314091,  0.0327958 , -0.20140873,  0.74493546,  0.60152636,
        -0.47945328,  0.59395338, -0.62163739, -0.39448462, -0.88214064,
         0.71483455, -0.43036867,  0.15255195, -0.95018562, -0.2307527 ,
         0.46007681,  0.23410112,  0.28499958,  0.09538004, -1.05007809,
        -0.77741655, -0.42214535,  0.57472651, -0.73068372, -0.6767261 ,
        -0.64828051, -0.30355014, -0.47659422, -0.9070284 , -0.36551626,
        -0.82713707, -0.49257939,  0.05530538,  0.36987734, -0.46577158,
         0.72354691, -0.6997238 ,  0.66780183,  0.49880955, -0.24480417,
        -0.65998014,  0.47553332, -0.47268935,  0.00867288, -0.86856914,
        -0.59049914, -0.87687858,  0.57711503,  0.02373051,  0.0489044 ,
        -0.18862161, -1.07365838,  0.54210233,  0.15612026, -0.23642373,
         0.15824835,  0.78351264,  0.15231656, -0.50807139, -0.75949925,
         0.01063063, -0.92463893,  0.39970928, -0.51536066,  0.42431302,
         0.04851579, -0.03944705, -0.80728951, -0.52065532,  0.7021983 ,
         0.19738481,  0.57972738, -0.26403831,  0.00794986,  0.58096945,
         0.1134742 ,  0.86825661, -1.10026713, -0.88523232,  0.00617612,
         0.78127309, -1.08017827, -0.92601708, -0.46971683, -1.03137611,
        -0.20496343, -0.54181031,  0.38178821,  0.23703829, -0.25335577,
        -0.81996115, -0.40412289, -0.37785759, -0.63360236, -0.63499581,
        -0.47173493,  0.95642555,  0.69486772, -0.04154015,  0.72329475,
         0.23710901, -0.16010923,  1.03118381, -0.70470549,  0.99612049,
        -0.10971316,  0.76645442,  0.62473942, -0.64969889,  0.54993025,
        -0.05082144,  0.17348139,  0.79805079,  0.49500238, -0.89485986,
         0.53828111, -0.4062975 ,  0.36377168, -1.10089033,  0.68720605,
        -1.02938339,  1.1276955 , -0.99796226,  0.44742711,  0.26863738,
         0.70197936, -0.05964332, -1.0257785 ,  0.05250388,  0.81169566,
         0.09400147,  0.33149149, -0.74958033,  0.00948463, -0.11691677,
        -0.38925487,  0.39562925,  0.36391399, -0.77222728, -0.13957593,
        -0.66475922, -0.6773064 , -0.16416504, -0.83358616, -0.10287322,
         0.36890631, -0.72984489, -0.18147375, -0.50361002,  0.49398499,
        -0.72387974, -0.55500087, -0.42277006,  0.94896856, -0.5059864 ,
        -0.91795737, -0.04625012, -1.10787568,  0.9507391 ,  0.38377374,
        -0.03745504, -0.63728194,  0.27203444, -0.87744978, -0.35377971,
         0.38707581, -0.21955566,  0.3139818 ,  0.47706911,  0.00438966,
        -0.18669207, -0.00795373,  0.57951233,  0.74728373, -0.64105776,
        -0.51656457, -0.49820854, -0.07981129, -1.33303545,  0.26167602,
        -0.75439727,  0.09403533,  0.61892125, -1.06098516,  0.3347945 ,
        -0.24537777, -0.71657207,  0.71856778, -0.17709703,  0.91039267,
        -0.92420106,  0.24205495,  0.39039706, -0.15269476,  0.67632738,
        -0.02950001, -0.67682779, -0.20225848,  0.21531371, -0.18775103,
         0.01551229, -1.00952657,  0.82373661,  0.49808233, -0.81226008,
        -0.40644318,  0.58996666,  0.9406359 , -0.7437655 ,  0.41721249,
        -0.98291643,  0.20840492,  0.51291343, -0.75539542, -0.02042003,
         0.07163899, -0.9169017 , -0.19468058,  0.09578111,  0.69496586,
        -0.29233366, -0.40030903,  0.04495793,  0.63151653,  0.73410228,
        -0.06865114,  0.78687375, -0.06798902,  0.63443335,  1.01457678,
         0.71331272, -0.15749576,  0.56271864,  1.08007689, -1.10861398,
         0.27584493, -0.72565635,  0.52076197,  0.87876235, -0.06459615,
        -0.2974556 ,  0.89954268,  0.25099402, -0.16687835, -1.04999153,
         0.59186991,  0.57023323,  0.3083516 , -0.15498763, -0.35234908,
        -0.08491206, -0.11742572, -0.83494745, -0.75722849,  0.33611041]]), array([[ 0.0455091 , -0.98246026, -0.0288279 , -0.00669628, -0.99746477,
        -1.04564027,  0.89630485,  0.2349739 , -0.86389071, -0.8069249 ,
        -0.20016827,  0.43455991,  0.76027084, -0.18156215,  0.65289661,
        -0.47483599,  0.61411579, -0.90616614,  0.58850317, -0.05088436,
        -0.49494715, -0.00938059, -0.59038747, -0.25333903, -0.38323413,
        -0.46309279,  0.75761622, -0.80339193,  0.90714393,  0.1469359 ,
        -0.58897968, -0.17356818, -0.71570639,  0.59436998,  0.88156053,
        -0.62018198, -0.44754112, -0.6494885 , -0.21325111, -0.45064741,
        -0.72309139, -0.0577755 , -0.52715986, -0.46196005, -0.84022726,
        -0.79156488,  0.4370535 , -0.37649231, -0.19223782, -0.48053989,
         0.89366414, -0.22289439, -0.83074103, -0.70640309, -0.74893268,
        -0.91963661,  0.939073  ,  0.3335691 , -0.65610276, -0.49276597,
        -0.70579597, -0.46239694, -0.91236281,  0.37879151, -0.1632451 ,
        -0.74892797,  0.7524607 ,  0.86249945, -0.18350803, -0.02460581,
        -0.96246358,  0.19097366,  0.14184781,  0.02764514,  0.41827404,
        -0.79634545, -0.31425784, -0.81286861, -0.48066209,  0.96276985,
         0.62565707, -0.99418306, -0.29297068,  0.18776329,  0.97341451,
        -0.69548782,  0.01177373, -0.86751423, -1.00901525, -0.75280248,
         0.79483842,  0.14244188,  0.30516218, -0.37860671,  0.53671229,
        -0.93930621, -0.38248574,  0.92805347,  0.37082783,  0.27432958]]), array([[-0.92095879, -1.18597503,  0.2033627 , -0.10911363, -1.08854062,
        -1.1225411 , -0.7737184 , -0.6008367 , -0.39798111, -0.75757415]])]91.1016666666666790.99-01,
         9.27201298e-01, -3.88448712e-01, -2.66049221e-01,
         8.72558139e-01, -5.98298232e-01, -5.85598828e-01,
         6.01138332e-01,  6.85933608e-01,  5.51653925e-01,
         9.26586817e-01, -5.42094127e-01, -7.11000120e-01,
         6.11110996e-02, -9.49935901e-01, -4.63254248e-01,
         2.75658489e-01, -8.50867550e-01, -2.94516910e-01,
         5.23046336e-01,  7.65469021e-01,  1.74871353e-01,
         7.62321541e-01,  5.99001862e-01, -8.02582482e-01,
         1.45439765e-02, -6.43842126e-01,  4.66226551e-01,
        -8.80456906e-01,  1.09406718e-01,  1.31968016e-01,
        -9.18779251e-01, -8.95319465e-01,  6.47421092e-01,
        -5.67010631e-01, -5.53626599e-01, -6.71779536e-01,
         6.04430072e-01,  7.56072451e-01, -8.45858320e-01,
         4.76595180e-01,  1.12622982e-01, -4.73440715e-01,
         3.58535640e-01, -7.73092342e-01, -5.65967460e-01,
        -1.15354111e-01, -4.24820195e-01, -3.52456608e-01,
        -1.46819967e-01,  7.47267462e-04,  6.68614748e-01,
         1.86308087e-01, -7.17424595e-01, -1.76380273e-01,
        -3.02580477e-01,  8.05838512e-01, -2.92779174e-01,
        -3.19829731e-01,  4.88582483e-01,  7.65182433e-01,
         3.24473024e-02,  5.46605965e-01, -1.02964541e+00,
        -1.00716559e+00, -8.04963136e-01, -6.14544729e-01,
         6.10567035e-01, -1.40239238e-02,  9.61218379e-01,
         3.32823739e-01,  8.26664300e-01, -7.32144388e-01,
        -4.58658203e-02,  7.94165664e-01,  7.48052656e-01,
        -1.07832259e+00,  6.91511568e-01, -4.78142942e-01,
        -5.73267445e-01,  4.76405332e-01,  8.61494460e-01,
         5.84716401e-01, -1.82828297e-01, -7.88393570e-01,
         7.83811447e-01,  2.95561883e-01,  9.26713090e-01,
         6.91597150e-01, -1.26658709e-01,  8.26264233e-01,
         4.40640010e-01,  7.08618452e-01, -8.47451718e-01,
        -2.02677112e-01]]), array([[-0.04721008, -1.16724232, -0.24426652, -0.09437495,  0.049762  ,
        -0.61984655, -1.24126466, -0.11429114, -0.98682714, -0.04348072]])]88.488.65