-0.9886497297545285 -0.56288926867604 0.9804348685224982 22596.0
-0.9886497297545285 -0.3190236838703655 -0.18615344364885678 20976.0
-0.7424958862343694 -0.4030930693059648 0.9281900641644417 20928.0
-0.7424958862343694 -0.4030930693059648 0.9804348685224982 20676.0
-0.9886497297545285 -0.56288926867604 0.9804348685224982 19824.0
-0.7424958862343694 -0.4030930693059648 0.9804348685224982 17312.0
-0.7424958862343694 -0.4030930693059648 0.9804348685224982 17220.0
-0.9886497297545285 -0.3190236838703655 -0.18615344364885678 16756.0
-0.7424958862343694 -0.4030930693059648 0.9804348685224982 16716.0
-0.9886497297545285 -0.56288926867604 -0.8690402002368522 16668.0
-0.8952416333913678 -0.56288926867604 0.9804348685224982 16364.0
-0.799638534425483 -0.3190236838703655 -0.18615344364885678 15328.0
-0.7424958862343694 -0.4030930693059648 0.9804348685224982 15272.0
-0.9886497297545285 -0.56288926867604 0.9804348685224982 15168.0
-0.9886497297545285 -0.56288926867604 0.9804348685224982 14808.0
-0.7424958862343694 -0.4030930693059648 0.9024085469061579 14792.0
-0.9886497297545285 -0.56288926867604 0.9804348685224982 1936.0
-0.9886497297545285 -0.56288926867604 0.9804348685224982 3016.0
-0.9886497297545285 -0.56288926867604 0.9804348685224982 11048.0
-0.9195505672179545 -0.56288926867604 0.9804348685224982 968.0
-0.9886497297545285 -0.56288926867604 0.9804348685224982 5996.0
-0.9886497297545285 -0.56288926867604 0.9804348685224982 2636.0
-0.9816289584578509 -0.56288926867604 0.9804348685224982 92.0
-0.9886497297545285 -0.56288926867604 0.9804348685224982 1644.0
-0.9886497297545285 -0.56288926867604 0.9804348685224982 4088.0
-0.9886497297545285 -0.56288926867604 0.9804348685224982 6652.0
-0.9886497297545285 -0.6435919401911605 0.9804348685224982 1552.0
-0.9886497297545285 -0.56288926867604 0.9804348685224982 3212.0
-0.9886497297545285 -0.56288926867604 0.9804348685224982 3820.0
-0.9886497297545285 -0.5572687393439374 0.9804348685224982 2648.0
-0.9886497297545285 -0.56288926867604 0.8979504710120848 996.0
-0.9886497297545285 -0.56288926867604 0.9012317518453664 40.0
-0.9886497297545285 -0.56288926867604 0.9804348685224982 16.0
-0.9886497297545285 -0.56288926867604 0.9804348685224982 12028.0
-0.9886497297545285 -0.56288926867604 0.9804348685224982 8280.0
-0.9886497297545285 -0.56288926867604 0.9804348685224982 1388.0
-0.9886497297545285 -0.56288926867604 0.9804348685224982 3780.0
-0.9886497297545285 -0.56288926867604 0.9804348685224982 880.0
-0.9886497297545285 -0.56288926867604 0.9804348685224982 452.0
-0.9886497297545285 -0.56288926867604 0.9804348685224982 3428.0
-0.9573353847898792 -0.56288926867604 0.9804348685224982 5052.0
-0.9886497297545285 -0.56288926867604 0.9854960400848786 2376.0
-0.9886497297545285 -0.56288926867604 0.9804348685224982 1032.0
-0.9886497297545285 -0.56288926867604 0.8961232820023303 4240.0
-0.9886497297545285 -0.56288926867604 0.9804348685224982 2292.0
-0.9886497297545285 -0.56288926867604 0.9977693983587994 4620.0
-0.9886497297545285 -0.56288926867604 0.9804348685224982 1344.0
-0.9886497297545285 -0.56288926867604 0.9804348685224982 356.0
-0.9886497297545285 -0.56288926867604 0.9804348685224982 908.0
-0.9886497297545285 -0.56288926867604 0.9804348685224982 2820.0
-0.9886497297545285 -0.56288926867604 0.9135081823722103 828.0
-0.9886497297545285 -0.56288926867604 0.9319795621471296 2216.0
-0.9886497297545285 -0.6037346714062986 0.9804348685224982 2000.0
-0.9886497297545285 -0.56288926867604 0.9804348685224982 1244.0
-0.9886497297545285 -0.56288926867604 0.8958889004704144 444.0
-0.9886497297545285 -0.56288926867604 0.9775484462633223 5708.0
-0.965655492291261 -0.56288926867604 0.9804348685224982 7244.0
-0.9701813685448326 -0.56288926867604 0.9804348685224982 2568.0
-0.9886497297545285 -0.5473018896644275 0.9804348685224982 4300.0
-0.9886497297545285 -0.56288926867604 0.9804348685224982 3076.0
-0.9886497297545285 -0.56288926867604 0.9804348685224982 3988.0
-0.9886497297545285 -0.56288926867604 0.9804348685224982 5556.0
-0.9886497297545285 -0.56288926867604 0.9804348685224982 3612.0
-0.9886497297545285 -0.56288926867604 0.956133192610713 528.0
-0.9886497297545285 -0.56288926867604 0.9804348685224982 5828.0
-0.9886497297545285 -0.56288926867604 0.9804348685224982 2736.0
-0.9886497297545285 -0.56288926867604 0.9804348685224982 1208.0
-0.9886497297545285 -0.56288926867604 0.9804348685224982 128.0
-0.9886497297545285 -0.56288926867604 0.9804348685224982 1308.0
-0.9534314923403944 -0.56288926867604 0.9804348685224982 1964.0
-0.9474061728344757 -0.56288926867604 0.9804348685224982 288.0
-0.9886497297545285 -0.56288926867604 0.9804348685224982 712.0
-0.9886497297545285 -0.56288926867604 0.9185311933472794 4140.0
-0.9635469889303356 -0.56288926867604 0.9804348685224982 1888.0
-0.9886497297545285 -0.56288926867604 0.9804348685224982 4300.0
-0.9886497297545285 -0.56288926867604 0.9121053978297827 188.0
-0.9886497297545285 -0.56288926867604 0.9804348685224982 3748.0
-0.9886497297545285 -0.56288926867604 0.9804348685224982 3712.0
-0.9886497297545285 -0.56288926867604 0.9804348685224982 1252.0
-0.9684925548154014 -0.56288926867604 0.9804348685224982 340.0
-0.9886497297545285 -0.56288926867604 0.9804348685224982 276.0
-0.9886497297545285 -0.56288926867604 0.906478447626498 4340.0
-0.9886497297545285 -0.56288926867604 0.9804348685224982 176.0
-0.9886497297545285 -0.56288926867604 0.9804348685224982 996.0
-0.9886497297545285 -0.56288926867604 0.9804348685224982 10700.0
-0.9886497297545285 -0.56288926867604 0.9804348685224982 4780.0
-0.946729511015123 -0.56288926867604 0.9804348685224982 3408.0
-0.9886497297545285 -0.5214043643595404 0.9804348685224982 1392.0
-0.9886497297545285 -0.56288926867604 0.9804348685224982 2840.0
-0.9886497297545285 -0.56288926867604 0.9804348685224982 11152.0
-0.9886497297545285 -0.56288926867604 0.9804348685224982 3544.0
-0.9886497297545285 -0.56288926867604 0.967376237536786 1036.0
-0.9886497297545285 -0.56288926867604 0.9804348685224982 7684.0
-0.9886497297545285 -0.56288926867604 0.9804348685224982 32.0
-0.9661048242407544 -0.56288926867604 0.9804348685224982 1992.0
-0.9886497297545285 -0.56288926867604 0.9804348685224982 396.0
-0.9886497297545285 -0.56288926867604 0.9804348685224982 7308.0
-0.9934810456551197 -0.56288926867604 0.9804348685224982 840.0
-0.9886497297545285 -0.56288926867604 0.9973829740456476 2380.0
-0.9886497297545285 -0.56288926867604 0.9804348685224982 7996.0
