-0.554106204439857 0.5829316739447086 16.0
0.8979865706332513 0.11947583550796392 0.0
-0.22391111245520667 0.05517277991267133 96.0
-0.513627210977724 0.6848090252788983 28.0
-0.8839225831913149 0.6556578431400362 0.0
-0.19735898219899273 -0.30638333125369055 0.0
0.1883100790749248 -0.5101565599864517 8.0
0.00133138062077931 -0.4593598075014653 16.0
-0.33409636121309294 -0.9033315281043015 24.0
0.23044875523826613 0.47368851123860223 0.0
-0.5114855626838792 -0.6860342300375588 0.0
-0.21591475952498373 -0.1420580311193742 64.0
-0.7660973328930201 0.5207528636833978 20.0
0.22455681902613955 0.7022918260230837 0.0
0.19446174511470993 0.23565942123290085 0.0
-0.3332283605917816 -0.054873327618747414 9344.0
0.6359853195256813 -0.29790455844972197 0.0
-0.18587811645640073 0.053883825069445335 56.0
-0.4868847191459109 -0.9502233889823841 0.0
-0.7891006591802259 -0.7190939922453601 8.0
0.8872171193447207 0.37658870204207173 0.0
-0.30530399651526996 0.07332437579237805 76.0
0.012948160898028416 0.15665289593643505 0.0
0.08174768527857923 0.002209969946707302 0.0
0.6488354525522948 0.7657706145550243 0.0
-0.1540520622288042 0.11074587861850849 36.0
0.5270670303108129 0.5827285801376072 0.0
-0.4990466329525378 -0.060389323219322666 1560.0
0.7246622107758574 0.4108299436534937 0.0
0.912556364284612 0.5542812040329863 0.0
-0.3576137231103882 0.9645523306010471 16.0
-0.6244005007835189 0.10425290917739649 28.0
-0.5027232370971573 0.18489454168403263 24.0
-0.9001365916657162 0.26821790764595654 0.0
-0.7839828435526746 0.39125714234426767 36.0
0.8593282624199765 0.896872278389721 0.0
0.04277821991245201 0.7750468204496004 0.0
-0.9844070966580152 0.2987783029606872 80.0
0.5302043286583698 0.7936106545582549 0.0
-0.6050941459565939 -0.5680192834971574 24.0
-0.8068479768879304 -0.23626806333196915 16400.0
0.7025634116415553 0.05221849987384486 0.0
-0.9935697931120864 -0.8669622106050963 152.0
0.7244315294341521 0.31067704010411834 0.0
-0.48682121287071145 -0.8717212137303947 0.0
0.8526274582311912 0.5975910161364344 0.0
0.8709912690218098 0.45248172476403004 8.0
0.5961212416426664 -0.49066863476516365 0.0
-0.16001477094494 0.36042984288740376 0.0
0.8866745806863179 0.9371559065556923 8.0
-0.6629202659027877 0.7224618086910282 16.0
-0.7453947505738794 0.9769441343210676 16.0
-0.7943843880555606 0.8741098401079834 0.0
-0.3457889819884108 -0.09237306035527482 6752.0
-0.3577841704371041 -0.9031654881240609 0.0
0.817009640491331 -0.3144342854532163 16.0
0.6324385524060161 0.1873885322784825 0.0
0.17917976020898863 0.31239356013296127 0.0
-0.5608313046062843 0.7643646010528342 8.0
-0.5159927510181017 0.7185126265407877 0.0
0.19465916127318583 -0.15399872292869476 0.0
0.16409974757296397 -0.008143798629512311 8.0
-0.6701160333184728 0.7323941159476219 24.0
-0.9959343333220043 0.402424508031767 40.0
0.21673186481931395 0.7489325284750283 16.0
0.5366508856424783 -0.8764677378413857 32.0
-0.9869971095071337 -0.7680498769635058 116.0
-0.04358896838969195 -0.701586416003209 40.0
-0.8471588169587714 -0.0775635496521383 2000.0
0.811669960464162 0.9873987724802826 0.0
-0.27717245668958057 -0.41959200571205146 16.0
0.18538291331177792 -0.4166416250228018 0.0
-0.38389831449322265 0.17283129028662514 56.0
-0.38478253840844245 0.7506448517904563 0.0
-0.45030760571171013 -0.0009684668230531823 5396.0
0.9059991934369758 -0.9582682607398578 0.0
-0.7550116429061327 0.4724139220911101 28.0
-0.535511073509185 -0.6209032931844467 0.0
-0.44461920959677026 -0.24675634893877008 7268.0
-0.938067107006531 -0.6827842987639743 148.0
0.8948789992254935 -0.0815224520779132 0.0
-0.09925921843888874 -0.24417075636904784 0.0
0.5393771653237032 -0.33666628024973355 0.0
0.6302993916466233 -0.7130786750270377 8.0
-0.3867018283767427 -0.3023510050599527 144.0
-0.3341919685078265 -0.36152976773466317 0.0
0.47894161774524036 -0.26030753952885854 8.0
0.4019226637587501 0.4614444500134358 8.0
0.5420573731280978 -0.05039297206927462 0.0
-0.7287849789296927 0.5620925735137172 24.0
0.82005067783513 0.21815126435856835 0.0
-0.7656392600486579 0.16137385818115724 68.0
-0.6286702898493259 0.01667586546252986 24.0
-0.2266861707854937 0.8543030261348952 0.0
0.2741955456563083 0.9729589665061371 0.0
-0.29786756369481404 0.5294063233987472 0.0
-0.7112840063524952 -0.7060739541463725 8.0
-0.6765077636634602 -0.5285719995269895 40.0
0.5157552760873616 0.7998067259851345 0.0
0.8851352644315678 0.9055011665830999 0.0
