-0.8068479768879304 -0.23626806333196915 16400.0
-0.3332283605917816 -0.054873327618747414 9344.0
-0.44461920959677026 -0.24675634893877008 7268.0
-0.3457889819884108 -0.09237306035527482 6752.0
-0.45030760571171013 -0.0009684668230531823 5396.0
-0.8471588169587714 -0.0775635496521383 2000.0
-0.4990466329525378 -0.060389323219322666 1560.0
-0.9935697931120864 -0.8669622106050963 152.0
-0.938067107006531 -0.6827842987639743 148.0
-0.3867018283767427 -0.3023510050599527 144.0
-0.9869971095071337 -0.7680498769635058 116.0
-0.22391111245520667 0.05517277991267133 96.0
-0.9844070966580152 0.2987783029606872 80.0
-0.30530399651526996 0.07332437579237805 76.0
-0.7656392600486579 0.16137385818115724 68.0
-0.21591475952498373 -0.1420580311193742 64.0
-0.29349430824913064 -0.09237306035527482 4764.0
-0.3457889819884108 -0.24675634893877008 176.0
-0.4990466329525378 -0.1386305401926189 4280.0
-0.9183081405940262 -0.8669622106050963 88.0
-0.45030760571171013 -0.23626806333196915 3456.0
-0.44461920959677026 -0.0775635496521383 5544.0
-0.2958190578656414 -0.09237306035527482 7944.0
-0.22391111245520667 0.008134015418629098 140.0
-0.8068479768879304 -0.3023510050599527 4724.0
-0.9330861373707917 -0.8669622106050963 24.0
-0.31840238974762847 -0.09237306035527482 2292.0
-0.44461920959677026 -0.23626806333196915 2100.0
-0.7181483097387366 -0.0009684668230531823 4192.0
-0.45030760571171013 -0.23626806333196915 3892.0
-0.3897636745082818 -0.09237306035527482 5052.0
-0.3457889819884108 -0.08432110481815662 5956.0
-0.8050506221544208 -0.0775635496521383 10420.0
-0.9935697931120864 -0.8669622106050963 116.0
-0.18587811645640073 -0.9033315281043015 0.0
-0.4583901208809618 -0.8669622106050963 0.0
-0.5452317390457108 -0.060389323219322666 2300.0
-0.7301920208046476 -0.23626806333196915 4024.0
-0.23495336169197703 -0.23626806333196915 0.0
-0.2655777449689899 -0.7680498769635058 16.0
-0.3332283605917816 -0.24675634893877008 1208.0
-0.18587811645640073 -0.286722853778913 8.0
-0.44461920959677026 -0.17525217141151736 4536.0
-0.3332283605917816 -0.8669622106050963 0.0
-0.3451907606560842 -0.24675634893877008 556.0
-0.9935697931120864 -0.8901091005664366 8.0
-0.48533406404962565 -0.054873327618747414 4820.0
-0.3332283605917816 -0.30422965144892916 0.0
-0.29774961394791616 0.07332437579237805 36.0
-0.45030760571171013 -0.23626806333196915 2672.0
-0.7562226315775317 0.05517277991267133 104.0
-0.8068479768879304 -0.09489797324540926 4088.0
-0.9935697931120864 -0.8669622106050963 0.0
-0.8068479768879304 -0.3235192698376639 7892.0
-0.8177753689424117 -0.0775635496521383 8260.0
-0.9582387968218764 -0.060389323219322666 4176.0
-0.45030760571171013 -0.046531747805817064 6920.0
-0.542243243215305 -0.23626806333196915 1616.0
-0.44461920959677026 -0.15805233695352386 1008.0
-0.8068479768879304 0.009656425304178873 24.0
-0.3332283605917816 -0.05792379031703235 6964.0
-0.3332283605917816 -0.7952871974822551 0.0
-0.3332283605917816 -0.060389323219322666 6448.0
-0.45030760571171013 -0.0009684668230531823 1744.0
-0.3922220968234606 -0.054873327618747414 7836.0
-0.41561937836241164 -0.054873327618747414 3864.0
-0.9333675402311498 0.39125714234426767 40.0
-0.44461920959677026 -0.24675634893877008 4808.0
-0.5051950507937741 -0.23626806333196915 2704.0
-0.8409832439720744 -0.23626806333196915 7176.0
-0.6244005007835189 -0.23626806333196915 6372.0
-0.3332283605917816 -0.054873327618747414 2148.0
-0.45030760571171013 0.0895836521512424 60.0
-0.8068479768879304 -0.20017669673712876 2788.0
-0.29796324633978344 -0.09237306035527482 8144.0
-0.45030760571171013 -0.05067290575716443 1132.0
-0.42557042723188715 -0.0009684668230531823 4904.0
-0.3332283605917816 -0.24675634893877008 208.0
-0.3162938034278434 -0.09237306035527482 1996.0
-0.9935697931120864 0.11074587861850849 8.0
-0.8068479768879304 -0.23626806333196915 4192.0
-0.8068479768879304 -0.23626806333196915 5324.0
-0.3332283605917816 -0.23042351890856314 528.0
-0.15127936255362334 -0.23626806333196915 16.0
-0.21591475952498373 -0.8299014926593222 8.0
-0.3332283605917816 -0.054873327618747414 5164.0
-0.44461920959677026 -0.6262784187007318 8.0
-0.283999475834403 -0.23626806333196915 0.0
-0.3025730718772646 -0.0009684668230531823 4660.0
-0.22391111245520667 -0.027333574886430387 3452.0
-0.7732142021351068 -0.1420580311193742 10376.0
-0.8068479768879304 0.2987783029606872 0.0
-0.38389831449322265 -0.8669622106050963 0.0
-0.8068479768879304 -0.0009684668230531823 3968.0
-0.44461920959677026 -0.24675634893877008 1388.0
-0.3332283605917816 -0.24675634893877008 80.0
-0.3457889819884108 -0.26632767623869613 176.0
-0.8068479768879304 -0.1970027884692594 7460.0
-0.8068479768879304 -0.3324642751535714 3804.0
-0.8068479768879304 -0.0775635496521383 11412.0
