-0.8068479768879304 -0.23626806333196915 16400.0
-0.8068479768879304 -0.0775635496521383 11412.0
-0.8050506221544208 -0.0775635496521383 10420.0
-0.7732142021351068 -0.1420580311193742 10376.0
-0.3332283605917816 -0.054873327618747414 9344.0
-0.8177753689424117 -0.0775635496521383 8260.0
-0.29796324633978344 -0.09237306035527482 8144.0
-0.2958190578656414 -0.09237306035527482 7944.0
-0.8068479768879304 -0.3235192698376639 7892.0
-0.3922220968234606 -0.054873327618747414 7836.0
-0.8068479768879304 -0.1970027884692594 7460.0
-0.44461920959677026 -0.24675634893877008 7268.0
-0.8409832439720744 -0.23626806333196915 7176.0
-0.3332283605917816 -0.05792379031703235 6964.0
-0.45030760571171013 -0.046531747805817064 6920.0
-0.3457889819884108 -0.09237306035527482 6752.0
-0.7732142021351068 -0.05455964405400407 4660.0
-0.8935089410788156 -0.23626806333196915 6064.0
-0.31317897928925004 -0.09237306035527482 2556.0
-0.8068479768879304 -0.0775635496521383 2236.0
-0.8068479768879304 -0.1992870087830497 7892.0
-0.7772960459935956 -0.0775635496521383 4060.0
-0.8068479768879304 -0.260694115405011 6884.0
-0.6781781597090759 -0.0775635496521383 7948.0
-0.8068479768879304 -0.15295388011836222 2456.0
-0.8068479768879304 -0.23626806333196915 5460.0
-0.8068479768879304 -0.23626806333196915 3196.0
-0.8050506221544208 -0.09237306035527482 4600.0
-0.8068479768879304 -0.03924159842512978 11192.0
-0.8068479768879304 -0.23626806333196915 2524.0
-0.3332283605917816 -0.26514820005398887 8.0
-0.3793836243201815 -0.054873327618747414 7028.0
-0.44461920959677026 -0.23626806333196915 468.0
-0.3332283605917816 -0.054873327618747414 6848.0
-0.7244012930557437 -0.23626806333196915 3192.0
-0.8068479768879304 -0.23626806333196915 7044.0
-0.8068479768879304 -0.33459624571717783 6156.0
-0.3332283605917816 -0.1687626494660874 2220.0
-0.8068479768879304 -0.2502871685920893 3124.0
-0.8068097957335941 -0.23626806333196915 14056.0
-0.7732142021351068 -0.17530700108307434 7316.0
-0.8068479768879304 -0.10572082946296617 4760.0
-0.8068479768879304 -0.297422774539372 11488.0
-0.3332283605917816 -0.23626806333196915 116.0
-0.3332283605917816 -0.09230791835932493 6424.0
-0.8068479768879304 -0.054873327618747414 2116.0
-0.3332283605917816 -0.054873327618747414 6704.0
-0.3332283605917816 -0.054873327618747414 4916.0
-0.8068479768879304 -0.23626806333196915 2316.0
-0.8068479768879304 -0.23626806333196915 4120.0
-0.8177753689424117 -0.002204939540159351 6268.0
-0.3332283605917816 -0.23626806333196915 116.0
-0.8068479768879304 -0.23626806333196915 6168.0
-0.2960301712336705 -0.23626806333196915 88.0
-0.8050506221544208 -0.23626806333196915 6820.0
-0.8068479768879304 -0.2515278622131651 2228.0
-0.3332283605917816 -0.23626806333196915 288.0
-0.8068479768879304 -0.054873327618747414 2772.0
-0.8068479768879304 -0.041426660184985045 3564.0
-0.8068479768879304 -0.2645890875964222 4804.0
-0.8068479768879304 -0.23626806333196915 2920.0
-0.8068479768879304 -0.1420580311193742 4704.0
-0.8068479768879304 -0.23626806333196915 2244.0
-0.29796324633978344 -0.09237306035527482 9648.0
-0.8068479768879304 -0.2124230839745798 6580.0
-0.7142323746644292 -0.23626806333196915 2212.0
-0.2812688878877648 -0.09237306035527482 4828.0
-0.3701297899479027 -0.0009684668230531823 4716.0
-0.3332283605917816 -0.046531747805817064 5212.0
-0.7248132580600961 -0.0775635496521383 2904.0
-0.8068479768879304 -0.011422297361127681 9420.0
-0.8031450854288243 -0.23626806333196915 17340.0
-0.8141033441119224 -0.23626806333196915 3892.0
-0.842655511981378 -0.24675634893877008 9068.0
-0.8068479768879304 -0.23626806333196915 2980.0
-0.8050506221544208 -0.0775635496521383 5688.0
-0.8050506221544208 -0.23391006902477826 6356.0
-0.8050506221544208 0.014059252813374362 100.0
-0.3332283605917816 -0.11049481241006415 7092.0
-0.7283080643981045 -0.23626806333196915 3304.0
-0.8068479768879304 -0.054873327618747414 14156.0
-0.8068479768879304 -0.0775635496521383 480.0
-0.3332283605917816 -0.036822215794001995 6168.0
-0.8068479768879304 -0.1970027884692594 3264.0
-0.8068479768879304 -0.18802592376577937 4664.0
-0.7732142021351068 -0.1420580311193742 7352.0
-0.8050506221544208 -0.04315415980055032 10456.0
-0.8068479768879304 -0.23626806333196915 6312.0
-0.8050506221544208 -0.0775635496521383 10284.0
-0.7893638614692045 -0.1420580311193742 2452.0
-0.7732142021351068 -0.23626806333196915 9244.0
-0.3332283605917816 -0.2667348480586186 108.0
-0.3332283605917816 -0.05792379031703235 3652.0
-0.9062826703154439 -0.23626806333196915 6240.0
-0.8177753689424117 -0.021631436318188146 9464.0
-0.8068479768879304 -0.28447584880153365 11984.0
-0.8068479768879304 -0.23626806333196915 4084.0
-0.8425524809419866 -0.09237306035527482 7928.0
-0.8068479768879304 -0.0775635496521383 3616.0
-0.8050506221544208 -0.0775635496521383 4700.0
