-0.42032086761868803 0.6039339099863728 -0.8986510126818654 34212.0
-0.42032086761868803 0.7012989164643066 -0.8986510126818654 19504.0
-0.42032086761868803 0.6039339099863728 -0.9121776187848704 19224.0
-0.42032086761868803 0.6039339099863728 -0.8986510126818654 18640.0
-0.42032086761868803 0.6039339099863728 -0.8986510126818654 18524.0
-0.42032086761868803 0.5349606566925866 -0.8986510126818654 17760.0
-0.42032086761868803 0.6039339099863728 -0.8986510126818654 17228.0
-0.5157755400041935 0.6039339099863728 -0.8986510126818654 17132.0
-0.42032086761868803 0.6039339099863728 -0.8986510126818654 16764.0
-0.42032086761868803 0.6039339099863728 -0.8986510126818654 16528.0
-0.42032086761868803 0.6039339099863728 -0.8986510126818654 16340.0
-0.42032086761868803 0.6039339099863728 -0.99477875967009 16080.0
-0.42032086761868803 0.608645059333041 -0.8986510126818654 16032.0
-0.42032086761868803 0.5311041450994683 -0.8986510126818654 15948.0
-0.42032086761868803 0.6039339099863728 -0.8986510126818654 15540.0
-0.42032086761868803 0.6966937395354427 -0.99477875967009 15408.0
-0.42032086761868803 0.6039339099863728 -0.8986510126818654 7344.0
-0.42032086761868803 0.6039339099863728 -0.8986510126818654 7000.0
-0.34837906641596667 0.6039339099863728 -0.8986510126818654 3876.0
-0.42032086761868803 0.6039339099863728 -0.8986510126818654 11048.0
-0.42032086761868803 0.6039339099863728 -0.8986510126818654 6064.0
-0.42032086761868803 0.6039339099863728 -0.8986510126818654 5852.0
-0.42032086761868803 0.6039339099863728 -0.8986510126818654 14752.0
-0.42032086761868803 0.6039339099863728 -0.8986510126818654 3484.0
-0.42032086761868803 0.6039339099863728 -0.8986510126818654 8648.0
-0.42032086761868803 0.6039339099863728 -0.8986510126818654 11268.0
-0.42032086761868803 0.6039339099863728 -0.8986510126818654 5820.0
-0.42032086761868803 0.6039339099863728 -0.8986510126818654 14360.0
-0.42032086761868803 0.6442543251416591 -0.8986510126818654 5452.0
-0.372056185882369 0.6039339099863728 -0.8986510126818654 8132.0
-0.42032086761868803 0.6039339099863728 -0.8986510126818654 8920.0
-0.42032086761868803 0.6039339099863728 -0.8986510126818654 10848.0
-0.42032086761868803 0.6039339099863728 -0.9483972794749164 4992.0
-0.42032086761868803 0.6039339099863728 -0.8827478628531154 12140.0
-0.42032086761868803 0.5187978216798766 -0.8986510126818654 6024.0
-0.42032086761868803 0.5214599007398777 -0.8986510126818654 4348.0
-0.42032086761868803 0.6039339099863728 -0.8986510126818654 5732.0
-0.42032086761868803 0.6039339099863728 -0.8986510126818654 5844.0
-0.3686927767823447 0.6039339099863728 -0.8986510126818654 7596.0
-0.42032086761868803 0.6039339099863728 -0.8917596806431389 7344.0
-0.42032086761868803 0.6039339099863728 -0.8986510126818654 16356.0
-0.42032086761868803 0.6039339099863728 -0.8986510126818654 6936.0
-0.42032086761868803 0.6007170191430907 -0.8986510126818654 12784.0
-0.42032086761868803 0.6039339099863728 -0.9527727938442357 9964.0
-0.42032086761868803 0.6039339099863728 -0.8986510126818654 3124.0
-0.42032086761868803 0.6039339099863728 -0.8986510126818654 8888.0
-0.42032086761868803 0.6039339099863728 -0.8986510126818654 4548.0
-0.42032086761868803 0.6039339099863728 -0.9569927497550816 4916.0
-0.42439587352545294 0.6039339099863728 -0.8986510126818654 5152.0
-0.42032086761868803 0.6039339099863728 -0.8986510126818654 2072.0
-0.42032086761868803 0.6039339099863728 -0.8986510126818654 12072.0
-0.3814655596235611 0.6039339099863728 -0.8986510126818654 9080.0
-0.42032086761868803 0.6498949807088049 -0.8986510126818654 3808.0
-0.42032086761868803 0.6039339099863728 -0.8986510126818654 13272.0
-0.42032086761868803 0.5794061983314025 -0.8986510126818654 7516.0
-0.42032086761868803 0.6039339099863728 -0.8986510126818654 7264.0
-0.42032086761868803 0.6994138646238519 -0.8986510126818654 16460.0
-0.42032086761868803 0.5941133030510916 -0.8986510126818654 14504.0
-0.42032086761868803 0.6205085722612337 -0.8986510126818654 7352.0
-0.42032086761868803 0.6039339099863728 -0.8986510126818654 9016.0
-0.42032086761868803 0.6039339099863728 -0.8986510126818654 7696.0
-0.42032086761868803 0.6039339099863728 -0.8986510126818654 5304.0
-0.42032086761868803 0.6039339099863728 -0.8986510126818654 16072.0
-0.42032086761868803 0.6039339099863728 -0.8986510126818654 11400.0
-0.42032086761868803 0.6039339099863728 -0.8986510126818654 10076.0
-0.42032086761868803 0.6039339099863728 -0.8986510126818654 7208.0
-0.42032086761868803 0.6039339099863728 -0.8986510126818654 8360.0
-0.42032086761868803 0.6039339099863728 -0.8986510126818654 7280.0
-0.42032086761868803 0.6039339099863728 -0.8986510126818654 4208.0
-0.42032086761868803 0.6039339099863728 -0.9221044429953927 16216.0
-0.42032086761868803 0.5873882485197452 -0.8986510126818654 3124.0
-0.42032086761868803 0.6039339099863728 -0.8986510126818654 9200.0
-0.42032086761868803 0.6039339099863728 -0.8986510126818654 9836.0
-0.42032086761868803 0.6039339099863728 -0.877535788642959 10096.0
-0.42032086761868803 0.653000236383408 -0.8986510126818654 8496.0
-0.4272041473088824 0.6039339099863728 -0.8986510126818654 7560.0
-0.42032086761868803 0.5905461511134024 -0.8986510126818654 11524.0
-0.42032086761868803 0.6039339099863728 -0.8986510126818654 7744.0
-0.42032086761868803 0.6280007959056603 -0.8986510126818654 13788.0
-0.42032086761868803 0.6039339099863728 -0.8986510126818654 10164.0
-0.42032086761868803 0.6039339099863728 -0.8657802663409015 3572.0
-0.42032086761868803 0.6039339099863728 -0.798711092010318 6500.0
-0.42032086761868803 0.5519648135483239 -0.8986510126818654 7128.0
-0.42032086761868803 0.6039339099863728 -0.8986510126818654 5732.0
-0.42032086761868803 0.6039339099863728 -0.8986510126818654 5008.0
-0.35627528389335017 0.6039339099863728 -0.8986510126818654 12616.0
-0.42032086761868803 0.6039339099863728 -0.8986510126818654 18556.0
-0.42032086761868803 0.6039339099863728 -0.8986510126818654 3944.0
-0.42032086761868803 0.6039339099863728 -0.8986510126818654 6884.0
-0.42032086761868803 0.6039339099863728 -0.8986510126818654 9276.0
-0.43607062754990944 0.6039339099863728 -0.8986510126818654 7172.0
-0.42032086761868803 0.6039339099863728 -0.8986510126818654 5404.0
-0.42032086761868803 0.6039339099863728 -0.8986510126818654 11780.0
-0.42032086761868803 0.6039339099863728 -0.8986510126818654 7256.0
-0.42032086761868803 0.5817339358528136 -0.8986510126818654 17092.0
-0.42032086761868803 0.6039339099863728 -0.8986510126818654 5992.0
-0.42032086761868803 0.6713689306658583 -0.8986510126818654 8752.0
-0.42032086761868803 0.6039339099863728 -0.8820689080923503 8352.0
-0.3390754545659266 0.6039339099863728 -0.8986510126818654 6188.0
-0.33227218967586947 0.6039339099863728 -0.8986510126818654 6804.0
