-0.8031450854288243 -0.2782646509721485 20296.0
-0.8031450854288243 -0.2782646509721485 19200.0
-0.8031450854288243 -0.23626806333196915 17340.0
-0.8031450854288243 -0.2782646509721485 17116.0
-0.8722924865168021 -0.2782646509721485 17004.0
-0.8031450854288243 -0.31311921077491967 16640.0
-0.8068479768879304 -0.23626806333196915 16400.0
-0.8031450854288243 -0.36719197044246843 16188.0
-0.8828060825267838 -0.2782646509721485 14836.0
-0.7867138926932572 -0.23626806333196915 14584.0
-0.8068479768879304 -0.054873327618747414 14156.0
-0.8068097957335941 -0.23626806333196915 14056.0
-0.8031450854288243 -0.26658740323894514 13772.0
-0.8031450854288243 -0.2782646509721485 13696.0
-0.8031450854288243 -0.284200004427391 13584.0
-0.8031450854288243 -0.32634506465461754 13576.0
-0.8031450854288243 -0.2528990211917346 6352.0
-0.8031450854288243 -0.2782646509721485 2768.0
-0.8200130198498446 -0.2782646509721485 4116.0
-0.8626103287333576 -0.2782646509721485 6964.0
-0.8031450854288243 -0.2782646509721485 6356.0
-0.8031450854288243 -0.3043028281712281 1816.0
-0.851945005324429 -0.2782646509721485 5152.0
-0.8031450854288243 -0.19177552982647422 9320.0
-0.8031450854288243 -0.2782646509721485 4092.0
-0.8031450854288243 -0.2782646509721485 5392.0
-0.8363088065580045 -0.2782646509721485 1388.0
-0.8049969631618338 -0.2782646509721485 2640.0
-0.8031450854288243 -0.31288756018679037 8372.0
-0.8522505938740557 -0.2782646509721485 2964.0
-0.8031450854288243 -0.2830644599446813 4980.0
-0.8875951987631823 -0.2782646509721485 5324.0
-0.8031450854288243 -0.30336930116653593 4220.0
-0.7889573173567525 -0.2782646509721485 5252.0
-0.8031450854288243 -0.19526874857310328 7304.0
-0.7926182580021865 -0.2782646509721485 4032.0
-0.8031450854288243 -0.2782646509721485 7912.0
-0.8031450854288243 -0.35118916679882495 5316.0
-0.8969946946932686 -0.2782646509721485 6984.0
-0.8031450854288243 -0.2782646509721485 11780.0
-0.8031450854288243 -0.2782646509721485 4000.0
-0.8031450854288243 -0.2540286083956142 7060.0
-0.8031450854288243 -0.3461651402837782 3232.0
-0.8031450854288243 -0.29985097428385843 8656.0
-0.8031450854288243 -0.2782646509721485 3372.0
-0.8031450854288243 -0.2782646509721485 1968.0
-0.8031450854288243 -0.2782646509721485 3516.0
-0.8031450854288243 -0.2782646509721485 3908.0
-0.8248847934335407 -0.2782646509721485 5884.0
-0.8031450854288243 -0.2068620370429675 4164.0
-0.8031450854288243 -0.2782646509721485 3508.0
-0.8031450854288243 -0.2782646509721485 4460.0
-0.8031450854288243 -0.2782646509721485 5328.0
-0.8031450854288243 -0.2782646509721485 4096.0
-0.8860511606172525 -0.2782646509721485 4408.0
-0.8031450854288243 -0.2782646509721485 5056.0
-0.8031450854288243 -0.17960525050344156 2312.0
-0.8031450854288243 -0.2782646509721485 8800.0
-0.8031450854288243 -0.2673979592175475 7552.0
-0.8031450854288243 -0.2782646509721485 3708.0
-0.8728008331846493 -0.2782646509721485 6528.0
-0.8031450854288243 -0.2782646509721485 10512.0
-0.8031450854288243 -0.2782646509721485 15948.0
-0.7925468258492003 -0.2782646509721485 3184.0
-0.8031450854288243 -0.2782646509721485 15496.0
-0.7164596869327596 -0.2782646509721485 3700.0
-0.8031450854288243 -0.2782646509721485 7812.0
-0.7113835422691874 -0.2782646509721485 7756.0
-0.9017708267433079 -0.2782646509721485 4192.0
-0.8112437950098779 -0.2782646509721485 6736.0
-0.8031450854288243 -0.2782646509721485 8808.0
-0.8031450854288243 -0.26136395977372684 3072.0
-0.7269234494503272 -0.2782646509721485 4588.0
-0.8031450854288243 -0.1817683213727634 4536.0
-0.8031450854288243 -0.2782646509721485 7096.0
-0.8031450854288243 -0.3196316253673545 12288.0
-0.8031450854288243 -0.2782646509721485 5180.0
-0.8031450854288243 -0.2040274078315287 6992.0
-0.8031450854288243 -0.2782646509721485 5236.0
-0.765425603377697 -0.2782646509721485 5880.0
-0.8031450854288243 -0.18897326812549234 4672.0
-0.8031450854288243 -0.2782646509721485 3856.0
-0.8031450854288243 -0.2782646509721485 4536.0
-0.8031450854288243 -0.2782646509721485 6552.0
-0.8031450854288243 -0.29547037751882227 4944.0
-0.8031450854288243 -0.2782646509721485 5864.0
-0.8031450854288243 -0.27118258566201064 6516.0
-0.8031450854288243 -0.2782646509721485 7044.0
-0.8031450854288243 -0.26869184073629615 5964.0
-0.7883729041626503 -0.2782646509721485 1940.0
-0.8031450854288243 -0.24818868990274634 5820.0
-0.8031450854288243 -0.2782646509721485 10332.0
-0.8031450854288243 -0.2782646509721485 7792.0
-0.8031450854288243 -0.2588060123377927 3152.0
-0.8031450854288243 -0.2782646509721485 5180.0
-0.8031450854288243 -0.2782646509721485 8276.0
-0.8031450854288243 -0.2782646509721485 4592.0
-0.8031450854288243 -0.2782646509721485 3672.0
-0.8031450854288243 -0.3431299101161416 2884.0
-0.8031450854288243 -0.2782646509721485 6968.0
