0.4653944579611793 -0.19790262297724315 -0.8003714970153974 18348.0
0.4653944579611793 -0.19790262297724315 -0.8003714970153974 15100.0
0.41241774444990115 -0.2754916977125095 -0.7442814542289689 13692.0
0.4653944579611793 -0.19790262297724315 -0.8003714970153974 12008.0
-0.7378455191508662 -0.27536087141602733 -0.8003714970153974 11936.0
0.4653944579611793 -0.22527251601749768 -0.7740175950234252 11112.0
0.1741093213740208 -0.19790262297724315 -0.9115929924411856 10996.0
-0.1270696094150816 -0.011124956126225438 -0.8003714970153974 10720.0
-0.7299687621339019 -0.21901737123308251 -0.8211872025358583 10696.0
0.4653944579611793 -0.19790262297724315 -0.8003714970153974 10368.0
0.4653944579611793 -0.1463266945019516 -0.8003714970153974 9868.0
0.4653944579611793 -0.19790262297724315 -0.8003714970153974 9692.0
0.4653944579611793 -0.19790262297724315 -0.8003714970153974 9648.0
0.33371649521470403 -0.2639737678433481 -0.7740175950234252 9644.0
0.4653944579611793 -0.22126112622147762 -0.8003714970153974 9576.0
0.5470720148711401 -0.011124956126225438 -0.36640787349952086 9436.0
0.4653944579611793 -0.2912903306265918 -0.8003714970153974 4396.0
0.5261494746393758 -0.19790262297724315 -0.8003714970153974 6516.0
0.4653944579611793 -0.19790262297724315 -0.8003714970153974 11124.0
0.4653944579611793 -0.21042545511873204 -0.8003714970153974 4596.0
0.4653944579611793 -0.19790262297724315 -0.8003714970153974 10228.0
0.4653944579611793 -0.19790262297724315 -0.900259897261577 5996.0
0.4653944579611793 -0.19790262297724315 -0.8003714970153974 2132.0
0.4653944579611793 -0.19790262297724315 -0.8003714970153974 9388.0
0.4653944579611793 -0.19790262297724315 -0.7603434360398365 2792.0
0.4653944579611793 -0.19790262297724315 -0.8003714970153974 4756.0
0.4653944579611793 -0.19790262297724315 -0.8003714970153974 5164.0
0.4653944579611793 -0.19790262297724315 -0.8895901281402212 6152.0
0.4653944579611793 -0.19790262297724315 -0.8003714970153974 2868.0
0.4653944579611793 -0.19790262297724315 -0.8003714970153974 1088.0
0.4312713698079715 -0.19790262297724315 -0.8003714970153974 8324.0
0.4653944579611793 -0.19790262297724315 -0.8003714970153974 5492.0
0.4653944579611793 -0.19790262297724315 -0.7102232266766799 7476.0
0.4653944579611793 -0.19790262297724315 -0.8003714970153974 5068.0
0.4653944579611793 -0.27695265381719986 -0.8003714970153974 3372.0
0.5350179542339343 -0.19790262297724315 -0.8003714970153974 5120.0
0.4653944579611793 -0.19790262297724315 -0.8003714970153974 4944.0
0.4653944579611793 -0.13370027720534408 -0.8003714970153974 1944.0
0.4653944579611793 -0.19790262297724315 -0.8003714970153974 4352.0
0.4653944579611793 -0.19790262297724315 -0.8003714970153974 5616.0
0.4653944579611793 -0.19790262297724315 -0.8003714970153974 7152.0
0.4653944579611793 -0.19790262297724315 -0.7844629173049137 4148.0
0.4653944579611793 -0.19790262297724315 -0.8003714970153974 4408.0
0.4653944579611793 -0.19790262297724315 -0.8047382088791966 7636.0
0.4653944579611793 -0.19790262297724315 -0.8765160244740373 5668.0
0.4653944579611793 -0.19790262297724315 -0.8003714970153974 2616.0
0.4653944579611793 -0.19790262297724315 -0.8182118206451474 1324.0
0.4653944579611793 -0.19790262297724315 -0.8003714970153974 8736.0
0.4653944579611793 -0.2227214452874969 -0.8003714970153974 2284.0
0.4653944579611793 -0.19790262297724315 -0.8003714970153974 1068.0
0.4653944579611793 -0.19790262297724315 -0.7250134417686427 5588.0
0.4653944579611793 -0.19790262297724315 -0.8003714970153974 8580.0
0.4653944579611793 -0.19790262297724315 -0.8003714970153974 6600.0
0.4653944579611793 -0.19790262297724315 -0.7194623075053379 1804.0
0.4653944579611793 -0.19790262297724315 -0.8003714970153974 7340.0
0.4653944579611793 -0.19790262297724315 -0.8003714970153974 5768.0
0.4653944579611793 -0.19790262297724315 -0.8003714970153974 2788.0
0.4653944579611793 -0.19790262297724315 -0.8003714970153974 6940.0
0.4653944579611793 -0.19790262297724315 -0.8003714970153974 8404.0
0.4653944579611793 -0.19790262297724315 -0.8003714970153974 2372.0
0.5377990203453352 -0.19790262297724315 -0.8003714970153974 5284.0
0.4653944579611793 -0.19790262297724315 -0.8003714970153974 4108.0
0.4653944579611793 -0.19790262297724315 -0.8003714970153974 5284.0
0.563848206029022 -0.19790262297724315 -0.8003714970153974 7752.0
0.4653944579611793 -0.19790262297724315 -0.8003714970153974 4456.0
0.4653944579611793 -0.19790262297724315 -0.8477118958569237 1052.0
0.4653944579611793 -0.19790262297724315 -0.8003714970153974 3384.0
0.4653944579611793 -0.22475229350857168 -0.8003714970153974 4964.0
0.4653944579611793 -0.19790262297724315 -0.8003714970153974 4268.0
0.4653944579611793 -0.19790262297724315 -0.7029482042155697 11808.0
0.4653944579611793 -0.19790262297724315 -0.8003714970153974 3548.0
0.4653944579611793 -0.19790262297724315 -0.8535460316127215 4552.0
0.4653944579611793 -0.19790262297724315 -0.8003714970153974 3288.0
0.4653944579611793 -0.19790262297724315 -0.8003714970153974 8696.0
0.4653944579611793 -0.22213934249271688 -0.8003714970153974 1724.0
0.4653944579611793 -0.19790262297724315 -0.8003714970153974 4848.0
0.4653944579611793 -0.19790262297724315 -0.8303660667720504 3844.0
0.4653944579611793 -0.29315142848844605 -0.8003714970153974 4680.0
0.4653944579611793 -0.19790262297724315 -0.8003714970153974 3500.0
0.4653944579611793 -0.19790262297724315 -0.8003714970153974 2516.0
0.4653944579611793 -0.19790262297724315 -0.8003714970153974 5224.0
0.4653944579611793 -0.19790262297724315 -0.8379975103409153 5608.0
0.4653944579611793 -0.19790262297724315 -0.7378434117940871 3004.0
0.4653944579611793 -0.19790262297724315 -0.8003714970153974 2084.0
0.4653944579611793 -0.19790262297724315 -0.8003714970153974 6244.0
0.4653944579611793 -0.19790262297724315 -0.8003714970153974 4712.0
0.4653944579611793 -0.19790262297724315 -0.8003714970153974 7508.0
0.4653944579611793 -0.19790262297724315 -0.8003714970153974 5172.0
0.4653944579611793 -0.19790262297724315 -0.8003714970153974 1968.0
0.4653944579611793 -0.19790262297724315 -0.8003714970153974 3112.0
0.5581201503640865 -0.19790262297724315 -0.8003714970153974 5860.0
0.4653944579611793 -0.1605539139592967 -0.8003714970153974 2136.0
0.4653944579611793 -0.19790262297724315 -0.8730908792166535 4116.0
0.4653944579611793 -0.19790262297724315 -0.8003714970153974 6292.0
0.4653944579611793 -0.19790262297724315 -0.7686929913517958 3348.0
0.4653944579611793 -0.19790262297724315 -0.8003714970153974 2280.0
0.4653944579611793 -0.19790262297724315 -0.7594353710661028 4556.0
0.41884088783278056 -0.19790262297724315 -0.8003714970153974 2476.0
0.470269081264999 -0.19790262297724315 -0.8003714970153974 4228.0
0.4653944579611793 -0.2651273336537759 -0.8003714970153974 8252.0
