-0.42032086761868803 0.6039339099863728 -0.8986510126818654 34212.0
-0.42032086761868803 0.7012989164643066 -0.8986510126818654 19504.0
-0.42032086761868803 0.6039339099863728 -0.9121776187848704 19224.0
-0.42032086761868803 0.6039339099863728 -0.8986510126818654 18640.0
-0.42032086761868803 0.6039339099863728 -0.8986510126818654 17228.0
-0.5157755400041935 0.6039339099863728 -0.8986510126818654 17132.0
-0.42032086761868803 0.6039339099863728 -0.8986510126818654 16340.0
-0.42032086761868803 0.6039339099863728 -0.99477875967009 16080.0
-0.42032086761868803 0.608645059333041 -0.8986510126818654 16032.0
-0.42032086761868803 0.6039339099863728 -0.8986510126818654 15540.0
-0.42032086761868803 0.6966937395354427 -0.99477875967009 15408.0
-0.42032086761868803 0.6039339099863728 -0.8986510126818654 15356.0
-0.42032086761868803 0.6039339099863728 -0.8766425588046768 15240.0
-0.42032086761868803 0.6039339099863728 -0.9279569203045168 14976.0
-0.42032086761868803 0.5808613263556827 -0.8986510126818654 14976.0
-0.42032086761868803 0.6039339099863728 -0.9279569203045168 14976.0
-0.42032086761868803 0.6039339099863728 -0.8986510126818654 7612.0
-0.42032086761868803 0.6039339099863728 -0.8986510126818654 10176.0
-0.42032086761868803 0.6895813277458507 -0.8986510126818654 10256.0
-0.3366612834341181 0.6039339099863728 -0.8986510126818654 8988.0
-0.42032086761868803 0.6039339099863728 -0.8986510126818654 4800.0
-0.42032086761868803 0.6039339099863728 -0.8986510126818654 3176.0
-0.42032086761868803 0.6039339099863728 -0.8986510126818654 13056.0
-0.42032086761868803 0.6039339099863728 -0.8986510126818654 5788.0
-0.42032086761868803 0.6039339099863728 -0.8986510126818654 3228.0
-0.42032086761868803 0.6039339099863728 -0.8986510126818654 4604.0
-0.42032086761868803 0.6039339099863728 -0.9969371826222142 6640.0
-0.42032086761868803 0.6039339099863728 -0.8986510126818654 13248.0
-0.43401088089878365 0.6039339099863728 -0.8986510126818654 10740.0
-0.42032086761868803 0.5529559915237194 -0.8986510126818654 7140.0
-0.42032086761868803 0.6039339099863728 -0.8986510126818654 15308.0
-0.42032086761868803 0.6039339099863728 -0.9134230720868395 2824.0
-0.42032086761868803 0.5174432986846482 -0.8986510126818654 5792.0
-0.42032086761868803 0.6039339099863728 -0.9599742941253907 11960.0
-0.42032086761868803 0.5635739557259485 -0.8986510126818654 10604.0
-0.38094466718026965 0.6039339099863728 -0.8986510126818654 5864.0
-0.4641797352127281 0.6039339099863728 -0.8986510126818654 14448.0
-0.42032086761868803 0.6039339099863728 -0.8986510126818654 2544.0
-0.3737488835302072 0.6039339099863728 -0.8986510126818654 9348.0
-0.42032086761868803 0.6039339099863728 -0.8121124305774304 10908.0
-0.42032086761868803 0.6039339099863728 -0.8986510126818654 3976.0
-0.42032086761868803 0.6125463422440547 -0.8986510126818654 5164.0
-0.42032086761868803 0.5915950232419099 -0.8986510126818654 8112.0
-0.42032086761868803 0.6039339099863728 -0.8986510126818654 8980.0
-0.4747498051243966 0.6039339099863728 -0.8986510126818654 9072.0
-0.42032086761868803 0.6039339099863728 -0.8600598080462807 7332.0
-0.4166902259602884 0.6039339099863728 -0.8986510126818654 4064.0
-0.42032086761868803 0.6469862977751215 -0.8986510126818654 6440.0
-0.3396176888004427 0.6039339099863728 -0.8986510126818654 5304.0
-0.42032086761868803 0.6039339099863728 -0.8986510126818654 9744.0
-0.42032086761868803 0.6901859121762239 -0.8986510126818654 2196.0
-0.42032086761868803 0.6039339099863728 -0.8986510126818654 8912.0
-0.42032086761868803 0.6039339099863728 -0.8986510126818654 12344.0
-0.42032086761868803 0.5077168392042173 -0.8986510126818654 13000.0
-0.42032086761868803 0.6039339099863728 -0.8986510126818654 12364.0
-0.33731790319032895 0.6039339099863728 -0.8986510126818654 10972.0
-0.42032086761868803 0.6039339099863728 -0.8576945965947974 11748.0
-0.42032086761868803 0.6039339099863728 -0.8986510126818654 10004.0
-0.42032086761868803 0.6039339099863728 -0.8986510126818654 9420.0
-0.42032086761868803 0.6476058823520752 -0.8986510126818654 5384.0
-0.42032086761868803 0.6039339099863728 -0.9766342825674891 10280.0
-0.32962464931033 0.6039339099863728 -0.8986510126818654 8764.0
-0.4552178701204681 0.6039339099863728 -0.8986510126818654 10216.0
-0.42032086761868803 0.6039339099863728 -0.8986510126818654 13076.0
-0.42032086761868803 0.6039339099863728 -0.8986510126818654 6620.0
-0.42032086761868803 0.6039339099863728 -0.9749092656546324 10084.0
-0.42032086761868803 0.6039339099863728 -0.8986510126818654 16528.0
-0.40909141468193216 0.6039339099863728 -0.8986510126818654 8580.0
-0.3325489702706542 0.6039339099863728 -0.8986510126818654 9084.0
-0.42032086761868803 0.655648793470674 -0.8986510126818654 5804.0
-0.42032086761868803 0.6039339099863728 -0.8986510126818654 8200.0
-0.42032086761868803 0.6039339099863728 -0.9270398913837359 3172.0
-0.46993137030679155 0.6039339099863728 -0.8986510126818654 5616.0
-0.42032086761868803 0.6039339099863728 -0.8986510126818654 9480.0
-0.37656364820809607 0.6039339099863728 -0.8986510126818654 9704.0
-0.42032086761868803 0.632999142033523 -0.8986510126818654 7020.0
-0.42032086761868803 0.6039339099863728 -0.8986510126818654 9424.0
-0.491132067501611 0.6039339099863728 -0.8986510126818654 8344.0
-0.42374430354408754 0.6039339099863728 -0.8986510126818654 5348.0
-0.42032086761868803 0.5214739885288033 -0.8986510126818654 13116.0
-0.42032086761868803 0.6039339099863728 -0.8986510126818654 14732.0
-0.42032086761868803 0.5158851694995388 -0.8986510126818654 3756.0
-0.3274809642480664 0.6039339099863728 -0.8986510126818654 9340.0
-0.32543530812135535 0.6039339099863728 -0.8986510126818654 5892.0
-0.42032086761868803 0.6039339099863728 -0.8986510126818654 11640.0
-0.42032086761868803 0.6074370559359094 -0.8986510126818654 11852.0
-0.3293390552880854 0.6039339099863728 -0.8986510126818654 9384.0
-0.42032086761868803 0.6039339099863728 -0.8986510126818654 8400.0
-0.41794737980607444 0.6039339099863728 -0.8986510126818654 11428.0
-0.42032086761868803 0.6722843921427015 -0.8986510126818654 7976.0
-0.42032086761868803 0.6089771448841393 -0.8986510126818654 9156.0
-0.42032086761868803 0.5349606566925866 -0.8986510126818654 17760.0
-0.5163320923515363 0.6039339099863728 -0.8986510126818654 5148.0
-0.42032086761868803 0.5311041450994683 -0.8986510126818654 15948.0
-0.42032086761868803 0.6039339099863728 -0.9115953890121341 6836.0
-0.42032086761868803 0.6039339099863728 -0.8986510126818654 4512.0
-0.42032086761868803 0.6039339099863728 -0.8986510126818654 3800.0
-0.42032086761868803 0.6039339099863728 -0.8986510126818654 6620.0
-0.42032086761868803 0.6039339099863728 -0.8986510126818654 8956.0
-0.42032086761868803 0.6039339099863728 -0.8986510126818654 9324.0
