-0.784991868836174 -0.2782646509721485 21004.0
-0.8031450854288243 -0.2782646509721485 20296.0
-0.8031450854288243 -0.2782646509721485 19528.0
-0.8031450854288243 -0.2782646509721485 19200.0
-0.8031450854288243 -0.23626806333196915 17340.0
-0.8031450854288243 -0.2782646509721485 17116.0
-0.8722924865168021 -0.2782646509721485 17004.0
-0.8031450854288243 -0.2782646509721485 16780.0
-0.8031450854288243 -0.31311921077491967 16640.0
-0.8068479768879304 -0.23626806333196915 16400.0
-0.8031450854288243 -0.2782646509721485 16312.0
-0.8031450854288243 -0.36719197044246843 16188.0
-0.9009120827331509 -0.2782646509721485 16088.0
-0.8031450854288243 -0.2782646509721485 15948.0
-0.8031450854288243 -0.2782646509721485 15496.0
-0.8031450854288243 -0.2782646509721485 15352.0
-0.8985628398013843 -0.2782646509721485 5752.0
-0.8031450854288243 -0.2782646509721485 6528.0
-0.8031450854288243 -0.26461263284319175 9236.0
-0.784991868836174 -0.2782646509721485 7724.0
-0.8031450854288243 -0.2782646509721485 6852.0
-0.8031450854288243 -0.2782646509721485 10196.0
-0.8031450854288243 -0.2782646509721485 4224.0
-0.8031450854288243 -0.2782646509721485 7240.0
-0.8031450854288243 -0.2782646509721485 7824.0
-0.7641975958333576 -0.2782646509721485 6592.0
-0.8031450854288243 -0.2782646509721485 6628.0
-0.829925583875864 -0.2782646509721485 9420.0
-0.8031450854288243 -0.23707910186318162 5224.0
-0.8031450854288243 -0.37795869314667796 3680.0
-0.8031450854288243 -0.2782646509721485 4736.0
-0.8536960213832899 -0.2782646509721485 6984.0
-0.7971210802783972 -0.2782646509721485 7564.0
-0.784991868836174 -0.2782646509721485 8540.0
-0.8538390856372449 -0.2782646509721485 4892.0
-0.8031450854288243 -0.2990851541134127 10088.0
-0.784991868836174 -0.3732686238671779 10692.0
-0.8031450854288243 -0.2782646509721485 2168.0
-0.8031450854288243 -0.2782646509721485 7568.0
-0.8031450854288243 -0.2782646509721485 6604.0
-0.784991868836174 -0.2782646509721485 4720.0
-0.8031450854288243 -0.191688552273247 8372.0
-0.8031450854288243 -0.25757121886157786 4572.0
-0.8031450854288243 -0.23525285941794322 3224.0
-0.8031450854288243 -0.2782646509721485 1260.0
-0.8031450854288243 -0.2782646509721485 11260.0
-0.8031450854288243 -0.29141839271272124 4368.0
-0.784991868836174 -0.2782646509721485 6956.0
-0.856402576194223 -0.2782646509721485 6912.0
-0.8031450854288243 -0.2782646509721485 9188.0
-0.8031450854288243 -0.2782646509721485 5028.0
-0.8031450854288243 -0.2782646509721485 5116.0
-0.784991868836174 -0.2073991260537456 2044.0
-0.8497603263509336 -0.2782646509721485 3236.0
-0.8031450854288243 -0.3157840870401718 6700.0
-0.8031450854288243 -0.2782646509721485 11596.0
-0.8031450854288243 -0.3127351453696743 2160.0
-0.8031450854288243 -0.2782646509721485 11092.0
-0.8031450854288243 -0.2782646509721485 4472.0
-0.8031450854288243 -0.2782646509721485 2520.0
-0.8031450854288243 -0.2782646509721485 4656.0
-0.804855467554201 -0.2782646509721485 6096.0
-0.8031450854288243 -0.2782646509721485 7116.0
-0.8031450854288243 -0.20943482203025934 5196.0
-0.8031450854288243 -0.22244830663001233 2896.0
-0.7064237634211669 -0.2782646509721485 3784.0
-0.8031450854288243 -0.2782646509721485 5192.0
-0.8031450854288243 -0.2782646509721485 1924.0
-0.784991868836174 -0.2782646509721485 4076.0
-0.8031450854288243 -0.2782646509721485 7520.0
-0.8031450854288243 -0.2595348712842052 4104.0
-0.8031450854288243 -0.2782646509721485 6992.0
-0.7164742279095108 -0.2782646509721485 5672.0
-0.8031450854288243 -0.2782646509721485 6396.0
-0.7490446895508263 -0.2782646509721485 5960.0
-0.8031450854288243 -0.2782646509721485 5832.0
-0.8031450854288243 -0.2782646509721485 4000.0
-0.867710331945069 -0.2782646509721485 1668.0
-0.8031450854288243 -0.2782646509721485 5024.0
-0.8031450854288243 -0.2782646509721485 5160.0
-0.8031450854288243 -0.23799465437767467 6436.0
-0.8031450854288243 -0.31693498223503846 3492.0
-0.8031450854288243 -0.20835874653660383 5512.0
-0.8031450854288243 -0.3285370278889122 7732.0
-0.7522868797604293 -0.2782646509721485 3740.0
-0.784991868836174 -0.2782646509721485 5744.0
-0.8031450854288243 -0.29614246583890214 4472.0
-0.8031450854288243 -0.24771163188420528 5104.0
-0.8031450854288243 -0.2782646509721485 6592.0
-0.7448000668984276 -0.2782646509721485 6500.0
-0.8031450854288243 -0.2782646509721485 3112.0
-0.8031450854288243 -0.19063868260111896 3804.0
-0.8345080114023634 -0.2782646509721485 5580.0
-0.8031450854288243 -0.2782646509721485 5724.0
-0.8031450854288243 -0.2782646509721485 7520.0
-0.8031450854288243 -0.2782646509721485 7208.0
-0.8031450854288243 -0.262898663586379 9388.0
-0.8031450854288243 -0.2782646509721485 15920.0
-0.7280789696582036 -0.2782646509721485 7312.0
-0.8031450854288243 -0.20082441812267898 6280.0
