-0.784991868836174 -0.2782646509721485 21004.0
-0.8031450854288243 -0.2782646509721485 20296.0
-0.8031450854288243 -0.2782646509721485 19528.0
-0.8031450854288243 -0.2782646509721485 19200.0
-0.784991868836174 -0.2782646509721485 17468.0
-0.784991868836174 -0.2782646509721485 17436.0
-0.8031450854288243 -0.23626806333196915 17340.0
-0.8031450854288243 -0.2782646509721485 17116.0
-0.8722924865168021 -0.2782646509721485 17004.0
-0.8031450854288243 -0.2782646509721485 16780.0
-0.784991868836174 -0.2782646509721485 16776.0
-0.784991868836174 -0.2782646509721485 16696.0
-0.8031450854288243 -0.31311921077491967 16640.0
-0.8068479768879304 -0.23626806333196915 16400.0
-0.8031450854288243 -0.2782646509721485 16312.0
-0.8031450854288243 -0.36719197044246843 16188.0
-0.7022651144822907 -0.2782646509721485 8492.0
-0.784991868836174 -0.2782646509721485 8584.0
-0.784991868836174 -0.2782646509721485 1744.0
-0.8045269512181425 -0.2782646509721485 2516.0
-0.784991868836174 -0.2782646509721485 2268.0
-0.784991868836174 -0.2782646509721485 8652.0
-0.765391610241446 -0.2782646509721485 9492.0
-0.784991868836174 -0.2782646509721485 6616.0
-0.8572457846682067 -0.2782646509721485 6188.0
-0.784991868836174 -0.29438557259320386 11060.0
-0.784991868836174 -0.28697009122000805 7288.0
-0.784991868836174 -0.37764391577467 7840.0
-0.7743074022671778 -0.2782646509721485 8024.0
-0.784991868836174 -0.2782646509721485 6824.0
-0.784991868836174 -0.2782646509721485 4256.0
-0.784991868836174 -0.34862940419616895 2508.0
-0.784991868836174 -0.20118819668361287 4584.0
-0.7506388883330439 -0.2782646509721485 4544.0
-0.784991868836174 -0.2782646509721485 5568.0
-0.784991868836174 -0.2782646509721485 7212.0
-0.784991868836174 -0.2782646509721485 2336.0
-0.7732941288487725 -0.2782646509721485 7800.0
-0.784991868836174 -0.23138097495046456 8716.0
-0.784991868836174 -0.2782646509721485 7716.0
-0.7250725846080339 -0.2782646509721485 11456.0
-0.784991868836174 -0.21842132473070258 5904.0
-0.784991868836174 -0.2782646509721485 3660.0
-0.7147160467188383 -0.2782646509721485 9044.0
-0.784991868836174 -0.2601009133625537 6252.0
-0.784991868836174 -0.2782646509721485 5676.0
-0.784991868836174 -0.2782646509721485 3856.0
-0.8289329418893707 -0.2782646509721485 7060.0
-0.784991868836174 -0.2782646509721485 5476.0
-0.6978550781417332 -0.2782646509721485 6280.0
-0.784991868836174 -0.22841901660313424 6252.0
-0.784991868836174 -0.3272656868274679 8304.0
-0.784991868836174 -0.2782646509721485 2764.0
-0.7997981967122357 -0.2782646509721485 1992.0
-0.8375045402228538 -0.2782646509721485 5116.0
-0.784991868836174 -0.2782646509721485 2448.0
-0.784991868836174 -0.2782646509721485 4528.0
-0.8777498232886745 -0.2782646509721485 10692.0
-0.784991868836174 -0.2782646509721485 1456.0
-0.784991868836174 -0.26344634067912603 6012.0
-0.8559006004008372 -0.2782646509721485 8008.0
-0.784991868836174 -0.2782646509721485 712.0
-0.784991868836174 -0.2782646509721485 11852.0
-0.784991868836174 -0.2782646509721485 5784.0
-0.7128138661542143 -0.2782646509721485 2320.0
-0.784991868836174 -0.2782646509721485 6672.0
-0.784991868836174 -0.2172820853904384 4008.0
-0.784991868836174 -0.2782646509721485 4676.0
-0.784991868836174 -0.2782646509721485 12316.0
-0.784991868836174 -0.2589584149617765 2088.0
-0.784991868836174 -0.2782646509721485 2584.0
-0.784991868836174 -0.2646911862920135 7872.0
-0.784991868836174 -0.2782646509721485 7904.0
-0.784991868836174 -0.276062739977711 7772.0
-0.784991868836174 -0.2782646509721485 2460.0
-0.784991868836174 -0.2782646509721485 4508.0
-0.686701160496511 -0.2782646509721485 3076.0
-0.784991868836174 -0.2782646509721485 7304.0
-0.784991868836174 -0.2782646509721485 5716.0
-0.784991868836174 -0.2782646509721485 2492.0
-0.784991868836174 -0.2782646509721485 4108.0
-0.8780462780160856 -0.2782646509721485 8768.0
-0.784991868836174 -0.2782646509721485 7868.0
-0.784991868836174 -0.2782646509721485 3784.0
-0.784991868836174 -0.2782646509721485 9212.0
-0.784991868836174 -0.2782646509721485 8344.0
-0.784991868836174 -0.2782646509721485 2904.0
-0.784991868836174 -0.37101611683704555 2256.0
-0.8301089544031198 -0.2782646509721485 11712.0
-0.784991868836174 -0.2106750378627965 12856.0
-0.784991868836174 -0.2782646509721485 5636.0
-0.7771743984941121 -0.2782646509721485 4428.0
-0.784991868836174 -0.2118969659212618 5944.0
-0.784991868836174 -0.2782646509721485 4116.0
-0.784991868836174 -0.29021229329348147 9348.0
-0.784991868836174 -0.2782646509721485 5744.0
-0.784991868836174 -0.2782646509721485 5968.0
-0.784991868836174 -0.363784905600094 2724.0
-0.784991868836174 -0.2782646509721485 4404.0
-0.784991868836174 -0.22499212609053768 2576.0
