-0.784991868836174 -0.2782646509721485 21532.0
-0.784991868836174 -0.2782646509721485 21004.0
-0.8031450854288243 -0.2782646509721485 20296.0
-0.8031450854288243 -0.2782646509721485 19528.0
-0.784991868836174 -0.2782646509721485 19296.0
-0.8031450854288243 -0.2782646509721485 19200.0
-0.8465480522671078 -0.2782646509721485 18124.0
-0.8031450854288243 -0.23626806333196915 17340.0
-0.8031450854288243 -0.2782646509721485 17116.0
-0.8722924865168021 -0.2782646509721485 17004.0
-0.8031450854288243 -0.2782646509721485 16780.0
-0.784991868836174 -0.2782646509721485 16708.0
-0.8031450854288243 -0.31311921077491967 16640.0
-0.8068479768879304 -0.23626806333196915 16400.0
-0.8031450854288243 -0.2782646509721485 16312.0
-0.8031450854288243 -0.36719197044246843 16188.0
-0.784991868836174 -0.2782646509721485 11060.0
-0.7845205410752799 -0.2782646509721485 8732.0
-0.784991868836174 -0.18733315727789732 2216.0
-0.784991868836174 -0.2782646509721485 5312.0
-0.784991868836174 -0.2782646509721485 3516.0
-0.784991868836174 -0.2782646509721485 12688.0
-0.784991868836174 -0.2782646509721485 4580.0
-0.784991868836174 -0.2782646509721485 4848.0
-0.7915230266466676 -0.2782646509721485 3016.0
-0.784991868836174 -0.2782646509721485 9252.0
-0.784991868836174 -0.2782646509721485 10060.0
-0.784991868836174 -0.27440360555212534 8556.0
-0.784991868836174 -0.2782646509721485 7640.0
-0.784991868836174 -0.2782646509721485 3908.0
-0.784991868836174 -0.2782646509721485 3812.0
-0.784991868836174 -0.19564020540245933 3856.0
-0.784991868836174 -0.274928266863635 8692.0
-0.784991868836174 -0.2836907756067998 8456.0
-0.784991868836174 -0.35121567300654055 2284.0
-0.8446772600287787 -0.2782646509721485 10400.0
-0.784991868836174 -0.18744736581321156 4932.0
-0.8170808482439869 -0.2782646509721485 5676.0
-0.784991868836174 -0.2782646509721485 5584.0
-0.784991868836174 -0.22068622980972238 5272.0
-0.8478169129444457 -0.2782646509721485 2344.0
-0.7183550797017947 -0.2782646509721485 6748.0
-0.784991868836174 -0.2782646509721485 4712.0
-0.784991868836174 -0.2782646509721485 2296.0
-0.873107308855668 -0.2782646509721485 3780.0
-0.784991868836174 -0.2782646509721485 6908.0
-0.819352743986492 -0.2782646509721485 4252.0
-0.784991868836174 -0.1790440817233801 6460.0
-0.784991868836174 -0.2782646509721485 4796.0
-0.784991868836174 -0.2782646509721485 3916.0
-0.7415553121293063 -0.2782646509721485 3844.0
-0.8500461091767317 -0.2782646509721485 7596.0
-0.784991868836174 -0.2782646509721485 4264.0
-0.784991868836174 -0.2782646509721485 5984.0
-0.784991868836174 -0.2782646509721485 4320.0
-0.784991868836174 -0.2782646509721485 2920.0
-0.6891266860803434 -0.2782646509721485 2664.0
-0.784991868836174 -0.2782646509721485 4788.0
-0.784991868836174 -0.2782646509721485 3392.0
-0.784991868836174 -0.3499517167378531 6304.0
-0.784991868836174 -0.3307219417385317 5952.0
-0.784991868836174 -0.2782646509721485 7820.0
-0.784991868836174 -0.2782646509721485 4632.0
-0.784991868836174 -0.2782646509721485 13560.0
-0.784991868836174 -0.2782646509721485 5812.0
-0.784991868836174 -0.2782646509721485 7948.0
-0.784991868836174 -0.2782646509721485 10256.0
-0.784991868836174 -0.2782646509721485 7904.0
-0.784991868836174 -0.2782646509721485 5172.0
-0.784991868836174 -0.2782646509721485 3860.0
-0.784991868836174 -0.2782646509721485 4852.0
-0.784991868836174 -0.3446506331225721 6996.0
-0.873924769404258 -0.2782646509721485 3924.0
-0.784991868836174 -0.3496263659910124 5488.0
-0.784991868836174 -0.2782646509721485 3596.0
-0.784991868836174 -0.2782646509721485 4044.0
-0.784991868836174 -0.2782646509721485 6468.0
-0.784991868836174 -0.2782646509721485 5340.0
-0.8122442941580136 -0.2782646509721485 6948.0
-0.784991868836174 -0.33291246031851673 3304.0
-0.784991868836174 -0.33029317291268445 7332.0
-0.784991868836174 -0.2782646509721485 11836.0
-0.7246233739716335 -0.2782646509721485 9864.0
-0.784991868836174 -0.2042554483270851 3232.0
-0.784991868836174 -0.36188001826436805 4356.0
-0.784991868836174 -0.2782646509721485 16796.0
-0.784991868836174 -0.2782646509721485 11084.0
-0.784991868836174 -0.2782646509721485 6184.0
-0.784991868836174 -0.2782646509721485 5852.0
-0.7985659942559399 -0.2782646509721485 5052.0
-0.784991868836174 -0.25442895307532243 6196.0
-0.784991868836174 -0.2944286876636572 8456.0
-0.784991868836174 -0.24016922303110844 3844.0
-0.784991868836174 -0.2782646509721485 6992.0
-0.784991868836174 -0.1887546746665044 6052.0
-0.784991868836174 -0.2782646509721485 5924.0
-0.7969588457890875 -0.2782646509721485 6916.0
-0.784991868836174 -0.2782646509721485 9304.0
-0.784991868836174 -0.2782646509721485 6992.0
-0.784991868836174 -0.2782646509721485 8908.0
